,ARE,ARG,AUS,AUT,BEL,BGD,BRA,CAN,CHE,CHL,CHN,COL,CZE,DEU,DNK,EGY,ESP,FIN,FRA,GBR,HKG,IDN,IND,IRL,IRN,ISR,ITA,JPN,KOR,MEX,MYS,NGA,NLD,NOR,NZL,PAK,PER,PHL,POL,PRT,ROU,RUS,SAU,SGP,SWE,THA,TUR,USA,VNM,ZAF
ARE,1.0,0.392948860142894,0.8349572192961812,0.07757667183227984,0.7961660380457329,0.9116560321580379,0.1460417368044369,0.25936239254797444,0.13599858583030083,0.714377901307152,0.4571734206979045,0.558911940734955,0.005402398542311111,0.11535939764778758,0.6156289660409995,0.32471223877280975,0.18306865686983115,0.09086377060635266,0.5469387598503969,0.7662154564873354,0.6260878582177909,0.5732142566488801,0.8472436181645551,0.058929006805696446,0.13378231852673692,0.6760594888295046,0.20921293747774808,0.7908412895411944,0.2608721857617836,0.685224083414615,0.8561421363071301,0.8614314913578011,0.6519949682206468,0.5572011371345811,0.8262255732096145,0.9261330757858566,0.5331838870786227,0.5270421876922643,0.03531054602988514,-0.04504778925781086,-0.0533302117242444,0.14261497600961862,0.8409024323304938,0.8858359499493177,0.7673031951968398,0.6388454380161842,0.18366660361311316,0.2929560515316407,0.5439711510569407,0.7861367693866037
ARG,0.392948860142894,1.0,0.49358524266372694,0.15393002884252915,0.41250921335834695,0.4432728221140808,0.26240379330666425,-0.011361519874058139,0.1161057807362296,0.7302635430182675,0.40227796738531224,0.7796553423788719,0.334873451305144,0.1364090859631547,0.5497625845922539,0.6067897869881704,0.0901931728228157,-0.09580937371336758,0.2554622601110495,0.3012706920747636,0.4017158762132403,0.2980282134953187,0.3435676099098163,-0.04716954718923537,0.21439443890523258,0.568675825920215,0.04782683846427864,0.5412054773384782,0.37143016808823337,0.7458429301198751,0.42817386462785834,0.2507438290447991,0.27590056779771926,0.1369053408303644,0.5037793827968956,0.4951365826899285,0.6756475669123749,0.29836425309823283,0.44729207577621566,0.2657247913173802,0.38628603003082107,0.32486396184548294,0.6639261124368329,0.41540478955440685,0.29072013639748734,0.10046351611720752,0.49530672837877454,0.1105774258594017,0.6030521352662367,0.2839353539495166
AUS,0.8349572192961812,0.49358524266372694,1.0,-0.01632137614875034,0.770577978025419,0.844842493756523,0.2922717541608299,0.21492777079118613,0.03459795706307863,0.7330681706961488,0.3975561379375625,0.6056550836434781,0.026541024582962713,0.024657125423255277,0.6290753617024651,0.34923743327496004,0.024159085877829948,-0.01099313906942509,0.48352409969510907,0.733831460855104,0.6174866634978655,0.41608545556539756,0.8634623650965895,-0.0689992136067524,0.1914850649494872,0.6372576840662134,0.07125958373306479,0.7821952499146478,0.20079808468926172,0.7345939369981666,0.8400688409577936,0.8165812829013441,0.6330141110599237,0.44926418249931416,0.9320599689087762,0.861207670511562,0.5034372329488813,0.47735089539388087,-0.03089697301789523,0.0020077326768762785,-0.07141109619426626,0.13662042153952528,0.7790628985301222,0.8852253181267229,0.7546265753276457,0.5458677871815518,0.11566535733050681,0.3473852644044066,0.5581719075118882,0.7857148699304323
AUT,0.07757667183227984,0.15393002884252915,-0.01632137614875034,1.0,0.25151954585122394,-0.03875436261319266,0.2792625482951682,0.13023860000535656,0.8909680472985078,0.08543346172982585,0.0590404433884145,0.17527068484877092,0.3884697595625395,0.8772513374843434,0.3297882515373216,-0.08753337493733215,0.7091854557088408,0.491571986853919,0.48217857996813923,0.3594411649091163,0.09878603916739544,0.09478039790478207,-0.12914112317930254,0.595150257185388,0.31912969739868874,0.43633631125089356,0.6723751480551431,0.04450505080511687,0.18624059362519604,0.23373907782274314,0.07256775132335908,-0.033423298839618414,0.3722671041129584,0.34680469583259904,-0.060209908638799485,-0.011259343101155199,0.1401232742814241,-0.03639954545578822,0.5797062014971667,0.5430356451344112,0.4283478669171775,0.42876205184735583,0.11150735899839696,-0.001033005129037449,0.14012677211797125,0.06319126633694527,0.27846579118305037,0.1500569619325768,-0.04060794264310449,0.141224153717941
BEL,0.7961660380457329,0.41250921335834695,0.770577978025419,0.25151954585122394,1.0,0.8218903388610195,0.06207231205661119,0.2795326092994817,0.2856985688845185,0.5988857924894107,0.39692350558575273,0.5383201488079465,0.2651258416480661,0.21258927680369494,0.788581145903561,0.13960606017035185,0.428570105801307,0.3635266834779408,0.8572247708968147,0.9180016270455871,0.607394659643818,0.39867480850801096,0.7778190074055561,0.34979903759040637,-0.05365141043511843,0.6003900195150936,0.47110518402825496,0.811057352652397,0.2737913920241329,0.6985221090914084,0.8938023717449834,0.8200284731727882,0.8768614145797037,0.7354398699477955,0.7466307646361794,0.8057024179479599,0.6074161345460214,0.46911020389525715,0.32215485656462967,-0.08756368409605855,0.23424505404642468,0.2722857748984985,0.7406157562420822,0.8889435128501713,0.9138559577746276,0.5921246458516793,0.23153602476184507,0.4969061933637617,0.49666275749833116,0.864861637509893
BGD,0.9116560321580379,0.4432728221140808,0.844842493756523,-0.03875436261319266,0.8218903388610195,1.0,0.02306318607561915,0.23385155130827529,0.016303299654557395,0.7223344028792931,0.4399409057244272,0.6086629092152863,0.048057445151808896,-0.015986348191021786,0.6489345092776442,0.38293429801930606,0.13612792428803436,0.06666136933307709,0.5686343375854863,0.7498916940025828,0.6200149957929696,0.4853568447250975,0.9004155840220154,0.012138548295347858,0.015984064905892964,0.60760922651491,0.17078817750919123,0.8295702522541126,0.24284377737849272,0.7275510364812092,0.9035857771444418,0.8858758828083024,0.6262978796634417,0.520940230530832,0.8671036812706087,0.9532387346503834,0.5810849732101883,0.5549667251876715,0.06343844054753157,-0.11793751640789182,0.031938540656897114,0.17583685674035412,0.8547089585145031,0.9177208105081137,0.8034741134801718,0.6477419357505276,0.21939532646719478,0.3332171501564329,0.6208283835607612,0.8013501122279527
BRA,0.1460417368044369,0.26240379330666425,0.2922717541608299,0.2792625482951682,0.06207231205661119,0.02306318607561915,1.0,0.03965826253984644,0.3226049710529032,0.15418406878885896,0.14948980799691572,0.172300361966925,-0.04992579823850505,0.4259689061738714,0.1492852033729833,-0.00914627409285958,-0.18081613386601864,-0.11152765718957253,-0.05502350755356539,0.13567410584219203,0.06335533063747123,0.03739847860967697,0.03292367069450602,-0.04974058957667788,0.5726170702820588,0.4758347971564824,-0.2057832565953176,0.08920593162759088,0.06548953768221828,0.2291336747401958,0.019049657156892576,0.042538287433746186,0.10778988860831543,0.007498869075135127,0.233494398201932,0.03862830810747483,0.05225369207755145,-0.007798043037488376,-0.11263310144185804,0.5690920504343824,-0.23114548009050426,-0.03265506720052667,0.0764422549344815,0.0689969406349035,0.07913552611362067,-0.15166658902447236,-0.12243812077991394,0.13326556339108386,0.054409155646492034,0.12773763207997801
CAN,0.25936239254797444,-0.011361519874058139,0.21492777079118613,0.13023860000535656,0.2795326092994817,0.23385155130827529,0.03965826253984644,1.0,0.16009767819038878,-0.005499427231399805,0.2035851712667483,0.19629317329504836,0.24563612425018222,0.1143619358578566,0.24108311645130592,0.03129290926059222,0.2534348198317829,0.37220022977144285,0.25814370890567495,0.265521784308145,0.29594982233038053,0.13088461218117767,0.2794959933605855,0.22282596446937547,-0.10349516708463502,0.24183155048827865,0.18896404378598206,0.2211444696571056,0.11232478571414262,0.2607168865134065,0.19739247035400037,0.19772876575363124,0.19454378040619794,0.3881800208230581,0.17454779047896932,0.21972490721439975,0.06826472298585072,0.6855227339548794,0.20901980966614597,0.022047516026050817,0.18580265050727449,0.19904341260767028,0.1995327645612034,0.2564233879697149,0.31950498843150194,0.26419897047931357,0.08123541177243089,0.4407406802390424,0.19522885853814081,0.2832889266706757
CHE,0.13599858583030083,0.1161057807362296,0.03459795706307863,0.8909680472985078,0.2856985688845185,0.016303299654557395,0.3226049710529032,0.16009767819038878,1.0,0.10232300479913697,0.09700647677013535,0.19509017103647452,0.3373321121325811,0.8919011203801979,0.36417865193227955,-0.09550639357183105,0.7240455078582534,0.5458457406410472,0.5032873665500563,0.42173271862289285,0.15271647088739268,0.10735057221696949,-0.05589130495201156,0.6376001668561379,0.32118048358049966,0.47251221532714277,0.6599722444375675,0.11090910073238311,0.21647769272160722,0.24574720551238718,0.1324155146458187,0.041237480514815725,0.43512816789701636,0.4196638539914472,-0.01640164854280275,0.03901104756709001,0.13111294596665896,-0.03629045796695632,0.5327114496080383,0.5396780623632204,0.36902008089099664,0.43097532720768883,0.11775653434464738,0.05722696153544544,0.21268237072804494,0.09658409091405792,0.21763043439174934,0.2411073580211029,-0.05920912662833568,0.2091185119580454
CHL,0.714377901307152,0.7302635430182675,0.7330681706961488,0.08543346172982585,0.5988857924894107,0.7223344028792931,0.15418406878885896,-0.005499427231399805,0.10232300479913697,1.0,0.4818885800917386,0.7603369029251467,0.16157996887943937,0.10577675243506311,0.591110237323646,0.5545935849533917,0.149544187955038,-0.06616707336848221,0.3904918372163352,0.55916023490216,0.5795108396212347,0.4432864967166794,0.6315379449338662,-0.09663469246265996,0.1712525964465902,0.6109713996306346,0.13612592982022526,0.7314682599082842,0.4219308798529513,0.7383481145355305,0.6991793476059178,0.6225798930757978,0.46547803580494007,0.30391700230312124,0.7575183790025906,0.7578599632890132,0.6796746702853443,0.2802371997100378,0.1975998725855457,0.07781749153332877,0.11491640174289347,0.19886739912012155,0.8084181058579923,0.6797924889500451,0.5173667492814332,0.40912218569203657,0.32031902814138086,0.12856442908348045,0.5983986037727935,0.5646056885339357
CHN,0.4571734206979045,0.40227796738531224,0.3975561379375625,0.0590404433884145,0.39692350558575273,0.4399409057244272,0.14948980799691572,0.2035851712667483,0.09700647677013535,0.4818885800917386,1.0,0.4233729588121958,0.19289963556721346,0.11547302217555144,0.5303594167999613,0.21663030645342907,0.13719537952020508,0.0869383744257221,0.2600934073873335,0.3940515097557515,0.426225271229188,0.4216480474263262,0.35155140392381923,-0.0193268614477962,0.12166838947967601,0.4130431602501838,0.1246176098637617,0.5720428821885319,0.49126440630577106,0.4417774825231316,0.39110188719441585,0.4323659952737877,0.302766799729724,0.4409877609725182,0.4215735844650229,0.4247928234222644,0.3859056484345679,0.30586209979012496,0.19447422753791752,0.03548175843059169,0.036957935468422666,0.04562778487288465,0.47834744859543943,0.415027038762887,0.4270384735660528,0.3700184369173737,0.09860488682835691,0.2607291801977048,0.3361697706882828,0.35848522413819817
COL,0.558911940734955,0.7796553423788719,0.6056550836434781,0.17527068484877092,0.5383201488079465,0.6086629092152863,0.172300361966925,0.19629317329504836,0.19509017103647452,0.7603369029251467,0.4233729588121958,1.0,0.35543760068768737,0.17505168087494744,0.6071141242221327,0.6009493062602949,0.2086736180712214,0.004934670179715064,0.3635515075199419,0.47676505413975995,0.42132279018397173,0.3215916905585223,0.5364207381260191,0.03316177597236828,0.10761042747300029,0.6615811591076343,0.123402473996288,0.5893065670476891,0.25733293973237037,0.8756374836076641,0.5630311194607727,0.4007379241233789,0.3817822187704176,0.25378712944346865,0.6044745040992242,0.6398411225334727,0.7036855619658422,0.46736206903881344,0.4740132642675241,0.2675816027429836,0.45739460606350196,0.4326842006327419,0.7333832930864971,0.5562560570740047,0.45470359146425515,0.272916916974107,0.4835415310974157,0.2950080162798842,0.5847840603719232,0.507071600177533
CZE,0.005402398542311111,0.334873451305144,0.026541024582962713,0.3884697595625395,0.2651258416480661,0.048057445151808896,-0.04992579823850505,0.24563612425018222,0.3373321121325811,0.16157996887943937,0.19289963556721346,0.35543760068768737,1.0,0.3038445719859078,0.4176882970101927,0.026590710700191807,0.5231849501468172,0.40716672555447747,0.44221803271393667,0.25958712642489623,0.13771739525733745,0.0027597115363724037,0.01369655846172135,0.38562946030087986,-0.09165783321421327,0.15166004904771727,0.44670790954031386,0.26544284707850446,0.3619405497812488,0.34738774967366726,0.11290317771233861,0.004780068395875971,0.21692046503032295,0.3072521855012034,0.02448009163207911,0.04117040404967278,0.18507594734821486,0.1996555384533475,0.6314933670798735,0.109974293042751,0.49359718584722867,0.24967957325637147,0.1759886416593343,0.06873265310988427,0.17385512322809754,0.11993287799193739,0.2280408402473254,0.22843250816280913,0.06262338795412709,0.1839207532277831
DEU,0.11535939764778758,0.1364090859631547,0.024657125423255277,0.8772513374843434,0.21258927680369494,-0.015986348191021786,0.4259689061738714,0.1143619358578566,0.8919011203801979,0.10577675243506311,0.11547302217555144,0.17505168087494744,0.3038445719859078,1.0,0.32906704175512613,-0.0823502496322189,0.5974261605253823,0.44388543695567856,0.38687131335994757,0.36882321996124995,0.10876699174885625,0.032107409270061664,-0.1012452258088705,0.566161510672003,0.42793354880630285,0.49515549768474604,0.5440944041289649,0.07987951293271947,0.21404900446188382,0.25481372663545054,0.08114371309453121,0.0050058848113920815,0.3289737584351283,0.3278241067680309,-0.029745880052674988,-0.0033289616817707797,0.052224611267997156,-0.06390278577041997,0.4691115376368513,0.6690947738526671,0.30221426597178297,0.3953282275651334,0.09159917449078271,0.020647439710453436,0.14626656253936218,0.10448691475020652,0.17636641169454495,0.1698890645963117,-0.07561949784354967,0.14771152472055737
DNK,0.6156289660409995,0.5497625845922539,0.6290753617024651,0.3297882515373216,0.788581145903561,0.6489345092776442,0.1492852033729833,0.24108311645130592,0.36417865193227955,0.591110237323646,0.5303594167999613,0.6071141242221327,0.4176882970101927,0.32906704175512613,1.0,0.1578484990402393,0.4690697927461825,0.4695719843461787,0.7127998169923366,0.7921791984523091,0.6832802799942398,0.40164591299805413,0.5744006004415515,0.3385514745063406,-0.03721622781907406,0.5391382308270497,0.4409229048642101,0.8455507898677507,0.6070348137705643,0.6900507494321177,0.7360737056678008,0.6545513389587216,0.7462088364817485,0.7732970647417547,0.6346405697286448,0.6151918651484528,0.5973090656349036,0.3797500179326037,0.507396092759649,0.0232401098486536,0.3108536492907198,0.21894774419880708,0.6125768722611621,0.7113727460390815,0.8004974494164018,0.5776967961249303,0.22117567402463584,0.5713251768849726,0.3628690836245541,0.6986424033548176
EGY,0.32471223877280975,0.6067897869881704,0.34923743327496004,-0.08753337493733215,0.13960606017035185,0.38293429801930606,-0.00914627409285958,0.03129290926059222,-0.09550639357183105,0.5545935849533917,0.21663030645342907,0.6009493062602949,0.026590710700191807,-0.0823502496322189,0.1578484990402393,1.0,-0.0745467774772994,-0.33644297794371236,-0.05230305705997089,0.03902579260026431,0.29094901705900195,0.16719506253221741,0.2851431768206749,-0.29752344748929965,0.240628273242054,0.44796072680300775,-0.12954587263241976,0.26943437549181326,0.0950897633718694,0.5593087222273423,0.2615034250427746,0.09580411789524532,-0.01070259568467413,-0.123253877426427,0.3577385988113722,0.4854274909517472,0.4484065627871519,0.3858274411694594,0.24851084820045177,0.2621811135021662,0.34703262542651,0.4339054924022275,0.603602354808568,0.29008144222150684,0.039026425279544,0.11787864553407308,0.6870067720929718,-0.14947855825127312,0.6410927380975792,0.07106870887867876
ESP,0.18306865686983115,0.0901931728228157,0.024159085877829948,0.7091854557088408,0.428570105801307,0.13612792428803436,-0.18081613386601864,0.2534348198317829,0.7240455078582534,0.149544187955038,0.13719537952020508,0.2086736180712214,0.5231849501468172,0.5974261605253823,0.4690697927461825,-0.0745467774772994,1.0,0.7126555078406593,0.711813228085531,0.4835578744947501,0.2637975524141195,0.22151482162612487,0.05075967988748731,0.7056449421937304,-0.06470998514185632,0.21586780287350862,0.9206907344694187,0.26684473359097677,0.36875720387485506,0.21074653261806675,0.2605497801412231,0.1648005137554263,0.532895521895113,0.5807780612073365,0.00014358771752504023,0.13229558995461427,0.23355295677571727,0.13275171345846606,0.6697236153524108,0.058491215389376565,0.5006839005800895,0.415552045234275,0.2322487343754889,0.1638405791416049,0.3351321652466077,0.28172017116074644,0.29487797099925084,0.28716711716144167,-0.03759768411540372,0.2882753478901341
FIN,0.09086377060635266,-0.09580937371336758,-0.01099313906942509,0.491571986853919,0.3635266834779408,0.06666136933307709,-0.11152765718957253,0.37220022977144285,0.5458457406410472,-0.06616707336848221,0.0869383744257221,0.004934670179715064,0.40716672555447747,0.44388543695567856,0.4695719843461787,-0.33644297794371236,0.7126555078406593,1.0,0.5997771564130855,0.47654536452967416,0.3102757466767754,0.07038362700119725,0.04449852884525515,0.7131490484723694,-0.31860795670548836,0.0651948798493687,0.6986540066318292,0.28058628188266244,0.39020139771320733,0.050580167755969796,0.21752582347495994,0.18971477192859582,0.5022629313550878,0.7114368217656746,-0.019423087318484383,-0.0015776279509107235,0.058735655835076186,0.12348862518191128,0.4834055196524443,-0.11544160594114418,0.2908606395483302,0.07525289280466986,-0.019711847474742635,0.15965438663291032,0.4253236421253985,0.3359553356341722,-0.019006781622174465,0.540741653812917,-0.1798952712961853,0.29700229302716413
FRA,0.5469387598503969,0.2554622601110495,0.48352409969510907,0.48217857996813923,0.8572247708968147,0.5686343375854863,-0.05502350755356539,0.25814370890567495,0.5032873665500563,0.3904918372163352,0.2600934073873335,0.3635515075199419,0.44221803271393667,0.38687131335994757,0.7127998169923366,-0.05230305705997089,0.711813228085531,0.5997771564130855,1.0,0.8473897316245584,0.4874070494636723,0.3110793607265836,0.5183501206760212,0.6154332613643063,-0.14102019170399893,0.4061382453835562,0.7584462259301705,0.6120228964796989,0.2867658215622254,0.4895314506034599,0.6994726043045865,0.6214425999762444,0.8539557243658187,0.7457360617491875,0.4696377700936285,0.534988280310407,0.4628390725793645,0.3351392615123557,0.5060318105027458,-0.09320758963982008,0.3744989184257531,0.3213687615080367,0.5119724668856891,0.6549015905420291,0.7669374751843492,0.459209138242452,0.23857523432767255,0.4998613567964792,0.250566086704225,0.6953473151607636
GBR,0.7662154564873354,0.3012706920747636,0.733831460855104,0.3594411649091163,0.9180016270455871,0.7498916940025828,0.13567410584219203,0.265521784308145,0.42173271862289285,0.55916023490216,0.3940515097557515,0.47676505413975995,0.25958712642489623,0.36882321996124995,0.7921791984523091,0.03902579260026431,0.4835578744947501,0.47654536452967416,0.8473897316245584,1.0,0.6165632110672693,0.39439475110486255,0.7333590168622752,0.45375834888155736,-0.030411675813819164,0.6035103303570785,0.5078599992227983,0.7637650055498083,0.27439432067427616,0.6429125146574132,0.8662285066788837,0.807319446133976,0.9040684642087862,0.7767682964215481,0.7046240482004585,0.718514468615561,0.48097163762611345,0.3944032086621222,0.2904515474724014,-0.0036229533374548335,0.16782957072815466,0.21270062533136594,0.6239430054789367,0.8499540359402293,0.9218261202166567,0.6187232684458972,0.1281030194666529,0.5987198560717746,0.338406837952457,0.8786898313810596
HKG,0.6260878582177909,0.4017158762132403,0.6174866634978655,0.09878603916739544,0.607394659643818,0.6200149957929696,0.06335533063747123,0.29594982233038053,0.15271647088739268,0.5795108396212347,0.426225271229188,0.42132279018397173,0.13771739525733745,0.10876699174885625,0.6832802799942398,0.29094901705900195,0.2637975524141195,0.3102757466767754,0.4874070494636723,0.6165632110672693,1.0,0.4421142708656624,0.595387048575532,0.07688279553523855,-0.007634943748181436,0.4294549906243126,0.26808721107645617,0.7527936759665894,0.5678754368913833,0.4775765828060497,0.677445309228855,0.6585993126454691,0.617008060590706,0.6024314255030986,0.6342301198043465,0.6189058513648211,0.4744568301981282,0.35930666003994755,0.2403338346194925,-0.06371886590938369,0.08608585745779955,0.13655341894864034,0.5710291832728276,0.7164809507310385,0.6408029415092421,0.5694606522098006,0.18921051042865922,0.3855060054524186,0.41354382075484497,0.567971208548292
IDN,0.5732142566488801,0.2980282134953187,0.41608545556539756,0.09478039790478207,0.39867480850801096,0.4853568447250975,0.03739847860967697,0.13088461218117767,0.10735057221696949,0.4432864967166794,0.4216480474263262,0.3215916905585223,0.0027597115363724037,0.032107409270061664,0.40164591299805413,0.16719506253221741,0.22151482162612487,0.07038362700119725,0.3110793607265836,0.39439475110486255,0.4421142708656624,1.0,0.4120107964926449,0.001233366993372587,0.14900637078911846,0.32416924209103537,0.22895054558207845,0.4747604584965098,0.3175793345567024,0.33472232444109506,0.4230114927108145,0.48329662100683185,0.37346782931329287,0.371406772366948,0.40412407289984814,0.5056963021466488,0.38183165991901036,0.2988700719614817,0.08004928718640329,-0.11506193255693849,-0.023619358818133235,-0.02703987845860093,0.506207079221622,0.45749906192756795,0.42796781109905235,0.32455085990605886,0.14636760223311565,0.15704339320908284,0.2102611700872746,0.3684196292773557
IND,0.8472436181645551,0.3435676099098163,0.8634623650965895,-0.12914112317930254,0.7778190074055561,0.9004155840220154,0.03292367069450602,0.2794959933605855,-0.05589130495201156,0.6315379449338662,0.35155140392381923,0.5364207381260191,0.01369655846172135,-0.1012452258088705,0.5744006004415515,0.2851431768206749,0.05075967988748731,0.04449852884525515,0.5183501206760212,0.7333590168622752,0.595387048575532,0.4120107964926449,1.0,-0.01443560779019211,-0.0071835056001854315,0.4942253664072339,0.07912477593271114,0.7790146895184844,0.1296010265614298,0.6507281303001714,0.8982888517482646,0.8511904330742982,0.629120180794116,0.48885448324589303,0.8821511793059607,0.893378905526669,0.42477324646957426,0.5313453670253961,-0.09043047987654922,-0.1941298534834746,-0.08627825301339342,0.09624210650169883,0.7488923827009044,0.912220377727237,0.7899049759935715,0.5733872478104026,0.07235387663282782,0.4470605570777662,0.49359932727647027,0.8190754412512106
IRL,0.058929006805696446,-0.04716954718923537,-0.0689992136067524,0.595150257185388,0.34979903759040637,0.012138548295347858,-0.04974058957667788,0.22282596446937547,0.6376001668561379,-0.09663469246265996,-0.0193268614477962,0.03316177597236828,0.38562946030087986,0.566161510672003,0.3385514745063406,-0.29752344748929965,0.7056449421937304,0.7131490484723694,0.6154332613643063,0.45375834888155736,0.07688279553523855,0.001233366993372587,-0.01443560779019211,1.0,-0.12360174689892546,0.19080938754740104,0.6841612198917814,0.07704807754333218,0.06690263411922615,0.11428735799714874,0.17786850623876652,0.04653035763704835,0.47318723394378415,0.5035278413184877,-0.10727213522563593,-0.025444331021448875,0.06156313336501054,0.08041207157534892,0.5365293901903527,0.1361288426847204,0.42836672494305306,0.25845653579267625,-0.018508903297688103,0.08783431581466339,0.30741717277270875,0.111198979482931,0.1718336897690107,0.4074652998601587,-0.13576714404239212,0.22838689128652345
IRN,0.13378231852673692,0.21439443890523258,0.1914850649494872,0.31912969739868874,-0.05365141043511843,0.015984064905892964,0.5726170702820588,-0.10349516708463502,0.32118048358049966,0.1712525964465902,0.12166838947967601,0.10761042747300029,-0.09165783321421327,0.42793354880630285,-0.03721622781907406,0.240628273242054,-0.06470998514185632,-0.31860795670548836,-0.14102019170399893,-0.030411675813819164,-0.007634943748181436,0.14900637078911846,-0.0071835056001854315,-0.12360174689892546,1.0,0.4624084491360864,-0.08052074844012014,-0.060041524577247346,-0.041103819814428545,0.16577637249943275,-0.025109363576762297,-0.07595413308565026,-0.035732789470637905,-0.19973354434012106,0.1192972268818804,0.10888045760562161,-0.08598909179349311,-0.056981368427868724,-0.06900940653328594,0.6065955840902768,-0.1051521475822782,0.17491745983588874,0.20306633088511697,-0.024554996988486223,-0.15624407793371242,-0.16684180130303233,0.13438500925948615,-0.2696293837923299,0.1126490823616568,-0.07364892147097131
ISR,0.6760594888295046,0.568675825920215,0.6372576840662134,0.43633631125089356,0.6003900195150936,0.60760922651491,0.4758347971564824,0.24183155048827865,0.47251221532714277,0.6109713996306346,0.4130431602501838,0.6615811591076343,0.15166004904771727,0.49515549768474604,0.5391382308270497,0.44796072680300775,0.21586780287350862,0.0651948798493687,0.4061382453835562,0.6035103303570785,0.4294549906243126,0.32416924209103537,0.4942253664072339,0.19080938754740104,0.4624084491360864,1.0,0.17895319689817676,0.5398327287419756,0.15988742341146125,0.7922889771487718,0.5581422910515192,0.45261803665067224,0.48151702202138685,0.3489989042773964,0.5827496730524089,0.6568150416229896,0.49938244516039276,0.4117682473301996,0.30997019895285916,0.5412577514460412,0.2588944578195356,0.47174110810803005,0.717077575555791,0.5905127156533537,0.509228844261413,0.34674857193674286,0.4045888919376265,0.2393957570089902,0.5955872532051457,0.5372855976669022
ITA,0.20921293747774808,0.04782683846427864,0.07125958373306479,0.6723751480551431,0.47110518402825496,0.17078817750919123,-0.2057832565953176,0.18896404378598206,0.6599722444375675,0.13612592982022526,0.1246176098637617,0.123402473996288,0.44670790954031386,0.5440944041289649,0.4409229048642101,-0.12954587263241976,0.9206907344694187,0.6986540066318292,0.7584462259301705,0.5078599992227983,0.26808721107645617,0.22895054558207845,0.07912477593271114,0.6841612198917814,-0.08052074844012014,0.17895319689817676,1.0,0.2694956380150171,0.3152356648493346,0.16331272404185523,0.2993742505830043,0.23803734195568485,0.5662510470787151,0.5761497133885413,0.04801632226891849,0.1631375001177328,0.20127407593616883,0.07769173220962156,0.6129875551426698,-0.008310038877979894,0.43972217407734315,0.33041958819513684,0.23197056493327523,0.21105786870273832,0.3653153536542369,0.28898748690426523,0.25708258912739623,0.20750388488351654,-0.035550623279861825,0.3082814391821927
JPN,0.7908412895411944,0.5412054773384782,0.7821952499146478,0.04450505080511687,0.811057352652397,0.8295702522541126,0.08920593162759088,0.2211444696571056,0.11090910073238311,0.7314682599082842,0.5720428821885319,0.5893065670476891,0.26544284707850446,0.07987951293271947,0.8455507898677507,0.26943437549181326,0.26684473359097677,0.28058628188266244,0.6120228964796989,0.7637650055498083,0.7527936759665894,0.4747604584965098,0.7790146895184844,0.07704807754333218,-0.060041524577247346,0.5398327287419756,0.2694956380150171,1.0,0.6380355228472409,0.6917153659341176,0.8368092038859165,0.8462311322742737,0.6605446262479969,0.6887773698447867,0.807997689104262,0.8042832042403519,0.609521270606644,0.42082390494602656,0.21195366146847947,-0.1550349493458212,0.04872724636839322,0.11491077576736529,0.7681548595355514,0.85109381995372,0.824125606927625,0.6754192654024634,0.09628255992759871,0.47798135859136043,0.45992552134275255,0.7809248880552725
KOR,0.2608721857617836,0.37143016808823337,0.20079808468926172,0.18624059362519604,0.2737913920241329,0.24284377737849272,0.06548953768221828,0.11232478571414262,0.21647769272160722,0.4219308798529513,0.49126440630577106,0.25733293973237037,0.3619405497812488,0.21404900446188382,0.6070348137705643,0.0950897633718694,0.36875720387485506,0.39020139771320733,0.2867658215622254,0.27439432067427616,0.5678754368913833,0.3175793345567024,0.1296010265614298,0.06690263411922615,-0.041103819814428545,0.15988742341146125,0.3152356648493346,0.6380355228472409,1.0,0.199271999314522,0.24140849357632763,0.3258058127801827,0.24134519238648874,0.4788764777987281,0.25067408294250676,0.2119442636861699,0.36015115267175,0.05366362269536028,0.3320980739188519,-0.10436019746275764,0.03442984338835076,-0.04255724479112719,0.3120202511894514,0.21689776832986934,0.28354149418573005,0.35083540952275377,-0.03831849783828596,0.2075287549442575,0.034465320467923534,0.2165206373679815
MEX,0.685224083414615,0.7458429301198751,0.7345939369981666,0.23373907782274314,0.6985221090914084,0.7275510364812092,0.2291336747401958,0.2607168865134065,0.24574720551238718,0.7383481145355305,0.4417774825231316,0.8756374836076641,0.34738774967366726,0.25481372663545054,0.6900507494321177,0.5593087222273423,0.21074653261806675,0.050580167755969796,0.4895314506034599,0.6429125146574132,0.4775765828060497,0.33472232444109506,0.6507281303001714,0.11428735799714874,0.16577637249943275,0.7922889771487718,0.16331272404185523,0.6917153659341176,0.199271999314522,1.0,0.6858702695651527,0.5464264098539652,0.50498245340746,0.3849018606401035,0.707262348734735,0.7691158429038287,0.677656517309417,0.5665100497863085,0.4380088296618789,0.30918958335101654,0.4372993669968456,0.5017092264606978,0.8102861404751328,0.7203316322225761,0.6282534702698995,0.42618476157945745,0.45829671133217165,0.3682341837070957,0.7047221093562133,0.6404925326983641
MYS,0.8561421363071301,0.42817386462785834,0.8400688409577936,0.07256775132335908,0.8938023717449834,0.9035857771444418,0.019049657156892576,0.19739247035400037,0.1324155146458187,0.6991793476059178,0.39110188719441585,0.5630311194607727,0.11290317771233861,0.08114371309453121,0.7360737056678008,0.2615034250427746,0.2605497801412231,0.21752582347495994,0.6994726043045865,0.8662285066788837,0.677445309228855,0.4230114927108145,0.8982888517482646,0.17786850623876652,-0.025109363576762297,0.5581422910515192,0.2993742505830043,0.8368092038859165,0.24140849357632763,0.6858702695651527,1.0,0.8675255657593597,0.8108291214547588,0.6508692720215108,0.8557816968112092,0.8799622684197377,0.5445567145849327,0.4398251322207724,0.1467902165309911,-0.1336762564820587,0.09225895756285164,0.16782037781111644,0.7758944951675185,0.9490997831197076,0.8824916013105102,0.6568363778673879,0.22107171571151582,0.47320096304249076,0.5339099134865756,0.8605301982361648
NGA,0.8614314913578011,0.2507438290447991,0.8165812829013441,-0.033423298839618414,0.8200284731727882,0.8858758828083024,0.042538287433746186,0.19772876575363124,0.041237480514815725,0.6225798930757978,0.4323659952737877,0.4007379241233789,0.004780068395875971,0.0050058848113920815,0.6545513389587216,0.09580411789524532,0.1648005137554263,0.18971477192859582,0.6214425999762444,0.807319446133976,0.6585993126454691,0.48329662100683185,0.8511904330742982,0.04653035763704835,-0.07595413308565026,0.45261803665067224,0.23803734195568485,0.8462311322742737,0.3258058127801827,0.5464264098539652,0.8675255657593597,1.0,0.6948733633655607,0.6333076116794478,0.8328019238283038,0.8392534497018749,0.49294550221934935,0.37718395205823124,-0.07445700890295973,-0.24185168808445084,-0.16468420118339405,-0.0067391425038933585,0.685302280240919,0.8984208349232662,0.8645836910550024,0.7107873580805697,-0.0459426007617162,0.40628391859206303,0.3736834730965725,0.8376728409063036
NLD,0.6519949682206468,0.27590056779771926,0.6330141110599237,0.3722671041129584,0.8768614145797037,0.6262978796634417,0.10778988860831543,0.19454378040619794,0.43512816789701636,0.46547803580494007,0.302766799729724,0.3817822187704176,0.21692046503032295,0.3289737584351283,0.7462088364817485,-0.01070259568467413,0.532895521895113,0.5022629313550878,0.8539557243658187,0.9040684642087862,0.617008060590706,0.37346782931329287,0.629120180794116,0.47318723394378415,-0.035732789470637905,0.48151702202138685,0.5662510470787151,0.6605446262479969,0.24134519238648874,0.50498245340746,0.8108291214547588,0.6948733633655607,1.0,0.7689051052606717,0.5960265353596222,0.6077275238142846,0.46931933763440925,0.28643932144168466,0.3439109380711784,-0.05862040117407225,0.2118100790340669,0.19877969237948945,0.5314397449441172,0.7725807241501018,0.8573185090581221,0.5140248248368503,0.20682285661161617,0.5594259267973558,0.2879064920515033,0.7806843286198235
NOR,0.5572011371345811,0.1369053408303644,0.44926418249931416,0.34680469583259904,0.7354398699477955,0.520940230530832,0.007498869075135127,0.3881800208230581,0.4196638539914472,0.30391700230312124,0.4409877609725182,0.25378712944346865,0.3072521855012034,0.3278241067680309,0.7732970647417547,-0.123253877426427,0.5807780612073365,0.7114368217656746,0.7457360617491875,0.7767682964215481,0.6024314255030986,0.371406772366948,0.48885448324589303,0.5035278413184877,-0.19973354434012106,0.3489989042773964,0.5761497133885413,0.6887773698447867,0.4788764777987281,0.3849018606401035,0.6508692720215108,0.6333076116794478,0.7689051052606717,1.0,0.44248767881904866,0.4668799507378406,0.3713727524532537,0.3432612963961024,0.37399073168160696,-0.16613490750637055,0.17574497380684134,0.10031102267191219,0.39157882301371344,0.6246350666088225,0.808706644000919,0.6485027775061395,0.07311247318729523,0.6302034980326786,0.15839777627146737,0.663131875702417
NZL,0.8262255732096145,0.5037793827968956,0.9320599689087762,-0.060209908638799485,0.7466307646361794,0.8671036812706087,0.233494398201932,0.17454779047896932,-0.01640164854280275,0.7575183790025906,0.4215735844650229,0.6044745040992242,0.02448009163207911,-0.029745880052674988,0.6346405697286448,0.3577385988113722,0.00014358771752504023,-0.019423087318484383,0.4696377700936285,0.7046240482004585,0.6342301198043465,0.40412407289984814,0.8821511793059607,-0.10727213522563593,0.1192972268818804,0.5827496730524089,0.04801632226891849,0.807997689104262,0.25067408294250676,0.707262348734735,0.8557816968112092,0.8328019238283038,0.5960265353596222,0.44248767881904866,1.0,0.8767286240827641,0.5183555170787515,0.4512236681551283,-0.06522121111719295,-0.04674838087673232,-0.08401646899800382,0.08616227914530114,0.7762022161251548,0.8753633006585629,0.7371942151714443,0.5144906390769544,0.07931405463726915,0.3544943212462966,0.5518134648643211,0.7718872102866366
PAK,0.9261330757858566,0.4951365826899285,0.861207670511562,-0.011259343101155199,0.8057024179479599,0.9532387346503834,0.03862830810747483,0.21972490721439975,0.03901104756709001,0.7578599632890132,0.4247928234222644,0.6398411225334727,0.04117040404967278,-0.0033289616817707797,0.6151918651484528,0.4854274909517472,0.13229558995461427,-0.0015776279509107235,0.534988280310407,0.718514468615561,0.6189058513648211,0.5056963021466488,0.893378905526669,-0.025444331021448875,0.10888045760562161,0.6568150416229896,0.1631375001177328,0.8042832042403519,0.2119442636861699,0.7691158429038287,0.8799622684197377,0.8392534497018749,0.6077275238142846,0.4668799507378406,0.8767286240827641,1.0,0.5896217959433423,0.5780137554245093,0.08246656753901914,-0.0635695088192041,0.06625079194636038,0.2560509904717483,0.907953317757598,0.9040292435621055,0.7481019056965135,0.608177152092576,0.2833885593672663,0.2566817586025641,0.6722871355136943,0.7702468679548805
PER,0.5331838870786227,0.6756475669123749,0.5034372329488813,0.1401232742814241,0.6074161345460214,0.5810849732101883,0.05225369207755145,0.06826472298585072,0.13111294596665896,0.6796746702853443,0.3859056484345679,0.7036855619658422,0.18507594734821486,0.052224611267997156,0.5973090656349036,0.4484065627871519,0.23355295677571727,0.058735655835076186,0.4628390725793645,0.48097163762611345,0.4744568301981282,0.38183165991901036,0.42477324646957426,0.06156313336501054,-0.08598909179349311,0.49938244516039276,0.20127407593616883,0.609521270606644,0.36015115267175,0.677656517309417,0.5445567145849327,0.49294550221934935,0.46931933763440925,0.3713727524532537,0.5183555170787515,0.5896217959433423,1.0,0.3431793469600946,0.44110811773923136,0.046264805800557925,0.4302987989352554,0.3192754023924087,0.6603734825067918,0.544730965106446,0.5215291927570533,0.274198153757303,0.4385555203893359,0.20185113604025598,0.5790995677135896,0.45176526649776844
PHL,0.5270421876922643,0.29836425309823283,0.47735089539388087,-0.03639954545578822,0.46911020389525715,0.5549667251876715,-0.007798043037488376,0.6855227339548794,-0.03629045796695632,0.2802371997100378,0.30586209979012496,0.46736206903881344,0.1996555384533475,-0.06390278577041997,0.3797500179326037,0.3858274411694594,0.13275171345846606,0.12348862518191128,0.3351392615123557,0.3944032086621222,0.35930666003994755,0.2988700719614817,0.5313453670253961,0.08041207157534892,-0.056981368427868724,0.4117682473301996,0.07769173220962156,0.42082390494602656,0.05366362269536028,0.5665100497863085,0.4398251322207724,0.37718395205823124,0.28643932144168466,0.3432612963961024,0.4512236681551283,0.5780137554245093,0.3431793469600946,1.0,0.23163417893623817,-0.03215967867466882,0.25752528175594225,0.2719759274056434,0.5376941208958799,0.5195334327334694,0.4785600674340534,0.33561498758514624,0.2774363284665566,0.44965828398313223,0.5565427687926279,0.4335659253710658
POL,0.03531054602988514,0.44729207577621566,-0.03089697301789523,0.5797062014971667,0.32215485656462967,0.06343844054753157,-0.11263310144185804,0.20901980966614597,0.5327114496080383,0.1975998725855457,0.19447422753791752,0.4740132642675241,0.6314933670798735,0.4691115376368513,0.507396092759649,0.24851084820045177,0.6697236153524108,0.4834055196524443,0.5060318105027458,0.2904515474724014,0.2403338346194925,0.08004928718640329,-0.09043047987654922,0.5365293901903527,-0.06900940653328594,0.30997019895285916,0.6129875551426698,0.21195366146847947,0.3320980739188519,0.4380088296618789,0.1467902165309911,-0.07445700890295973,0.3439109380711784,0.37399073168160696,-0.06522121111719295,0.08246656753901914,0.44110811773923136,0.23163417893623817,1.0,0.2959313422701088,0.8733075735300074,0.5801478939358006,0.26699280051921426,0.09487179710975949,0.19756194601623492,0.1022564712473596,0.6371948374004804,0.20986841788335783,0.26852072909631464,0.0967969476450508
PRT,-0.04504778925781086,0.2657247913173802,0.0020077326768762785,0.5430356451344112,-0.08756368409605855,-0.11793751640789182,0.5690920504343824,0.022047516026050817,0.5396780623632204,0.07781749153332877,0.03548175843059169,0.2675816027429836,0.109974293042751,0.6690947738526671,0.0232401098486536,0.2621811135021662,0.058491215389376565,-0.11544160594114418,-0.09320758963982008,-0.0036229533374548335,-0.06371886590938369,-0.11506193255693849,-0.1941298534834746,0.1361288426847204,0.6065955840902768,0.5412577514460412,-0.008310038877979894,-0.1550349493458212,-0.10436019746275764,0.30918958335101654,-0.1336762564820587,-0.24185168808445084,-0.05862040117407225,-0.16613490750637055,-0.04674838087673232,-0.0635695088192041,0.046264805800557925,-0.03215967867466882,0.2959313422701088,1.0,0.28396860658943845,0.4241603613286549,0.04724858005867037,-0.12453275652210212,-0.1549195385111696,-0.20106001812291927,0.3099943117297907,-0.09384323060913463,0.14609923400109504,-0.12234106431815266
ROU,-0.0533302117242444,0.38628603003082107,-0.07141109619426626,0.4283478669171775,0.23424505404642468,0.031938540656897114,-0.23114548009050426,0.18580265050727449,0.36902008089099664,0.11491640174289347,0.036957935468422666,0.45739460606350196,0.49359718584722867,0.30221426597178297,0.3108536492907198,0.34703262542651,0.5006839005800895,0.2908606395483302,0.3744989184257531,0.16782957072815466,0.08608585745779955,-0.023619358818133235,-0.08627825301339342,0.42836672494305306,-0.1051521475822782,0.2588944578195356,0.43972217407734315,0.04872724636839322,0.03442984338835076,0.4372993669968456,0.09225895756285164,-0.16468420118339405,0.2118100790340669,0.17574497380684134,-0.08401646899800382,0.06625079194636038,0.4302987989352554,0.25752528175594225,0.8733075735300074,0.28396860658943845,1.0,0.6867413045536843,0.22044076069521837,0.05272472014206204,0.101233654827435,-0.012367247910128245,0.719934177453922,0.1568058233140665,0.3600345735577921,0.017176357341212256
