,ARE,ARG,AUS,AUT,BEL,BGD,BRA,CAN,CHE,CHL,CHN,COL,CZE,DEU,DNK,EGY,ESP,FIN,FRA,GBR,HKG,IDN,IND,IRL,IRN,ISR,ITA,JPN,KOR,MEX,MYS,NGA,NLD,NOR,NZL,PAK,PER,PHL,POL,PRT,ROU,RUS,SAU,SGP,SWE,THA,TUR,USA,VNM,ZAF
ARE,1.0,0.09330060035012734,0.15405496213800446,0.037732172139831564,0.18889811602170553,-0.08671321864083159,0.06589565297471596,0.2616922998796065,0.18526453130422987,-0.24340464965217684,0.06906291247957833,0.06926548046923132,0.15819032939699443,0.18421083949144892,0.08541199868581817,0.008033524740826808,0.2792503429263263,0.13366019795642436,0.3508720400824587,0.38483453368552983,0.02268994881433937,0.07717887102949121,-0.04144219878524728,0.3381166760871252,-0.17436829628755446,0.04828936260236361,0.09250409803523084,0.24033522287131612,0.05287797261966133,0.26990561393478235,-0.020737753145785673,0.167225000721567,0.25203676225896887,0.019026890394857464,0.1563162789142598,-0.030073068091570634,-0.057705123381405765,0.1140753063790948,0.21294075781866595,0.07034678001918479,0.2096313441689387,0.19604063826724735,0.22704947351346969,0.22471682492381717,0.020023338318248037,-0.0910077748076529,0.12376971212074316,0.26154159536831495,0.0947008662821366,-0.08112076173607059
ARG,0.09330060035012734,1.0,0.08668807717334774,0.05356964434680257,0.036542652614140664,-0.14218877242512282,0.35494104952922806,-0.19993083915982307,-0.007198488929513382,0.1637737452031104,-0.024280062098420856,0.30839919343095623,0.05580902227203205,0.051398991116765956,0.1280613901316526,-0.1088247267747346,0.1044489445022327,0.17667892149154257,0.02074862264804211,-0.09373044015937644,0.0970637330202862,0.10990505740251398,-0.14621470560256208,-0.10930844331877564,0.1002446203285287,0.08631744160632694,0.049187440931053934,-0.025499834609135665,0.04949211156438333,0.10266977233133015,-0.02414011839615589,0.0480447706468763,0.19304901554827425,0.10812067458970123,-0.02321393715656714,-0.097172482735813,0.19473132018001257,-0.19919699150231543,0.18035008936421085,0.12699858952558793,0.30904066551927356,0.08239788089957878,0.09426330896506804,0.0678312617193837,0.04867081137901966,-0.14014152789624584,0.15992011045586774,-0.2464703745605179,0.025329903888827478,0.12629010077144795
AUS,0.15405496213800446,0.08668807717334774,1.0,-0.04622544678921587,0.1271342482707232,0.04383780765304588,0.006752945794877341,0.42576645060591595,0.11706437374350027,0.09437546371020573,0.08277064276796814,0.01839472462601835,0.23799918364372272,0.10359176369820752,0.2891163723739123,-0.02190735855974334,0.16633557062498622,0.17703287648839336,-0.027495309890257544,0.601292004578394,0.11287947420242864,0.0012028085394901829,0.14953061639806053,0.4422739089927198,-0.05937337038825096,0.1523587270124153,0.3189188030279352,-0.1961693527501093,0.1605028764869196,-0.03770010278886131,-0.07835592504455992,-0.2686706988523732,0.08325074302195155,-0.04283394833329243,0.6404249059882546,-0.1769523660709162,0.11172502144717099,0.08874580954372009,0.13687297969413906,0.10147580683221023,0.04914996514722171,0.14236513981650892,0.08661686420929293,0.36246029495123444,0.05314581674378329,-0.1924109561784221,0.03262077978969736,0.4692108685961435,0.11211118900628553,0.14486220440666145
AUT,0.037732172139831564,0.05356964434680257,-0.04622544678921587,1.0,0.08285580303668914,0.08146437163897942,0.17138097497313914,0.060738331399329694,0.11463154648944958,-0.19888766574304578,0.1303223874904225,-0.059439030683706075,0.08830648158227983,0.30928761613456035,0.12304449697278011,0.19665184830382382,0.06335759301649786,0.12931368561346085,0.2252862687814814,0.17669214313141945,0.16200954733916312,0.20389885761432736,-0.2360326674610255,0.12023817685600321,-0.05883141348135414,0.09602413260232608,0.15808980820614416,0.129904826000962,-0.03210443663181377,0.05478873291501087,0.04911620272981548,-0.061370404737086354,0.18786639233469543,0.22489468661501627,0.006653108197229202,-0.04076244420195828,-0.09948909682295438,0.11358607622926772,0.28029124295220104,0.17689924119500575,0.08590098791619706,0.25993729818303374,0.014140336220740889,-0.06592158598860673,0.23314279662185344,0.03112975851471821,0.21578958492295763,0.09664980858012047,0.14145424687109598,-0.05675415678483562
BEL,0.18889811602170553,0.036542652614140664,0.1271342482707232,0.08285580303668914,1.0,0.03162850885541285,0.12244575435855347,0.1979655867956113,0.20000683495469304,-0.08119688681411384,0.022096186012628402,0.09979155867961052,0.03326092654725237,0.30688015921384454,0.17978956678785438,0.04556925702557797,0.12594236803781858,0.13877083177632135,0.3617536192740445,0.2413988757881848,0.06494545894736223,-0.0180408347777375,0.046384221556290045,0.17048455503557242,0.0010233572993527456,0.11040230353380619,0.1803326972325788,-0.07639353436764444,0.08248227928862625,0.32913622707622514,-0.019899535447415573,0.006787055163085182,0.20426500180523563,0.08763729561425732,0.15529828613274177,0.00491694957898823,-0.015034750899484,-0.028893304990695652,0.274474725207645,-0.006852636129746163,0.19934490280931522,0.10571783580325403,0.10926203101440934,0.012601049948280442,0.004630809208562134,-0.06696445342583918,0.06688188795612916,0.12325289621518157,-0.15326150057937452,0.09513744182205888
BGD,-0.08671321864083159,-0.14218877242512282,0.04383780765304588,0.08146437163897942,0.03162850885541285,1.0,0.08831891507978487,0.058334472485865554,-0.04726857156621197,-0.15768999945948037,0.0939558689588382,0.0048661118415277965,0.0634626503022669,0.17640012343200878,0.025456428777275112,0.07813783798946128,-0.007122463386116209,0.039647622950074714,-0.037643566543711794,0.15585620182237803,0.052877339611867046,0.054355561806293445,-0.012190989480840995,0.08540322870407369,-0.054201605868547074,0.07224386095708274,0.14055416768211165,-0.09394123944704279,-0.0631066121717546,-0.04815194396743259,-0.003926656889310721,-0.12414419799370803,0.04210421842587013,0.1278537246233411,0.07481879953401221,-0.11381511113793866,-0.12751461713446174,0.005615989642256625,0.0707103891065584,0.09758490654081697,0.03982633083169278,0.05025793818267086,0.0081320822748332,-0.09951887172660852,0.10770448611772541,0.059568308194342466,0.12461755340079173,0.08563675274762217,0.03556483964215949,-0.19990669933828747
BRA,0.06589565297471596,0.35494104952922806,0.006752945794877341,0.17138097497313914,0.12244575435855347,0.08831891507978487,1.0,-0.23353369514024072,-0.08849082655925317,0.05948852682520718,-0.017310281487507063,0.4059281331717177,0.22423881322539682,0.1757229093297892,0.17361888547388826,0.10960992504417486,0.18594862601086048,0.28987981861683404,-0.06623271694648561,-0.026912017617317242,0.13209456558676244,0.49161403074702836,-0.16780589364965035,-0.11888867451365474,0.10282043335137986,0.16058452361412054,0.20042579745054542,0.13583934695682068,0.02929043449095688,0.12303150110175362,0.14555340855725335,-0.0973719303616431,0.4934224012842122,0.36449229120599436,-0.04426790092328797,-0.010950347664272084,0.1905231420839058,-0.07214987959765225,0.5617299660361987,0.43205835785848906,0.37086529847816124,0.34837624987296456,0.14267569961495355,-0.00637871719222796,0.3485522368025915,-0.14660729811466872,0.5661627286247936,-0.22802182065719065,0.03672520884399774,-0.038635220791386427
CAN,0.2616922998796065,-0.19993083915982307,0.42576645060591595,0.060738331399329694,0.1979655867956113,0.058334472485865554,-0.23353369514024072,1.0,0.39545171959909403,-0.16116296381607362,0.0739991373823529,-0.22832124475306922,0.02035378491956344,0.20997930417393934,0.024729342910974516,0.2863695457390926,0.20935014711974076,0.0781340108763765,0.29338957112121566,0.7793140016947202,0.06937892493633831,0.11679871787714566,-0.0771752339929205,0.7061158134423381,-0.1363216367819118,0.09007786679358135,0.3502464945917868,0.09586963195721236,0.2177436008747978,0.12676393992429288,0.003701025966791649,0.09234522557442149,0.05829312644346881,-0.07732526166724864,0.3347211229329988,-7.294392317488266e-06,0.07665473504190293,0.34374265813097543,0.015331650641453731,-0.04545055031705978,0.03311177945624966,0.37673255819082535,0.21473576746752818,0.05002323726611871,-0.06600753416881927,0.08314186355169897,0.16915961638076607,0.9310530824277176,0.1689758306231528,-0.05316522991936937
CHE,0.18526453130422987,-0.007198488929513382,0.11706437374350027,0.11463154648944958,0.20000683495469304,-0.04726857156621197,-0.08849082655925317,0.39545171959909403,1.0,0.05097907008214205,0.009712046371579136,0.0017785365237808146,0.009212621224860669,0.17690424025427642,0.07347838746408268,0.06245966704929527,0.07424883369969575,-0.11981305698707705,0.3426588359929479,0.3692669847223237,0.09488718210701129,0.13490242227862273,-0.17867323516741435,0.3242646438068874,-0.1570905106216553,0.06682797374714504,0.040573283350605366,0.1855580128312358,0.13475088222943754,0.1505865554505713,-0.007967179835792416,0.09242579682077336,0.08117827822104812,0.15161448722226434,0.11080392683263207,-0.04790154814005603,0.02987663042589405,0.3309225576785059,0.050404945890589525,-0.05196440527259886,0.07167928888110035,0.22954569591923485,0.11769231344845138,0.014864742507238118,-0.040080502532246924,0.06236756005885054,0.09370796615495956,0.3347411486675791,0.11386840595104643,-0.13477194886728672
CHL,-0.24340464965217684,0.1637737452031104,0.09437546371020573,-0.19888766574304578,-0.08119688681411384,-0.15768999945948037,0.05948852682520718,-0.16116296381607362,0.05097907008214205,1.0,-0.06983996347755815,0.17883358917977643,-0.07932181287437068,-0.2143743541418804,-0.009592540349354268,-0.10843757000669613,-0.12618661486017438,-0.04479742894447213,-0.32736809938554173,-0.1791600507540688,-0.05139835959914895,-0.09287701406280979,0.0681994749002987,-0.17664466529662465,0.021052446883087106,-0.07299003595257908,-0.12813685987607362,0.0021552896307605787,0.19441068450958612,-0.08666902872782493,-0.03233559893588836,-0.08131407268902975,-0.26277633555085983,-0.15622323709110852,0.1120403544200078,-0.09814178548705861,0.3096786184583279,-0.1148103618901383,-0.12422323015101257,0.09351050549103553,-0.0868786498594622,-0.09320290045873494,-0.13039841120520793,-0.059981749134640425,-0.12106087015179473,-0.1307886995638245,-0.18746287000094627,-0.17440016721230178,-0.01558112368080833,0.1910257405896603
CHN,0.06906291247957833,-0.024280062098420856,0.08277064276796814,0.1303223874904225,0.022096186012628402,0.0939558689588382,-0.017310281487507063,0.0739991373823529,0.009712046371579136,-0.06983996347755815,1.0,-0.09151266969782479,0.07027662589198425,0.031885967510188094,0.13005526678610754,0.033996396216537834,-0.021587468712597892,0.04163289815811755,-0.04235275686132271,0.1272968112579332,0.07414523005686043,-0.07672200644736141,0.08715622439703224,0.06219726535902328,-0.029803881659434078,-0.09240551902678439,0.01043814722724306,0.03623002918188501,0.0768448520049615,-0.14451074147676712,-0.065207594370882,-0.044075255472683615,0.03246359845660631,-0.1469338587663319,0.11570566649841063,-0.07024651509668443,-0.09603718427029068,-0.010334488708961266,0.07492852611374087,0.1199395575114607,-0.03182801005289718,0.0511071582972421,0.05011627134023971,0.17152312379382556,-0.04499878642172162,-0.038678042011342874,-0.020882685527430226,0.07089176711648386,-0.02670796093720608,-0.05400787152434335
COL,0.06926548046923132,0.30839919343095623,0.01839472462601835,-0.059439030683706075,0.09979155867961052,0.0048661118415277965,0.4059281331717177,-0.22832124475306922,0.0017785365237808146,0.17883358917977643,-0.09151266969782479,1.0,-0.05966234270318456,0.007457559126147825,0.05986850562366604,0.024847787529565884,-0.026876315769659143,0.10859541809892288,-0.009848093783244114,-0.08552080824549113,0.17822639422001352,0.2140510514547657,0.006304605150501203,-0.06630893390700847,0.03371694622347699,0.14894793737038373,-0.06614299482925201,0.12720174757708844,0.02470424677397841,0.18384993481609083,0.11869490843132038,0.0024625083139146646,0.10052577989448765,0.13783638732498674,-0.06567200723428529,0.04582857747161409,0.1161550469760811,0.029687990630830274,0.15030607446797686,0.027347507002566402,0.20598040267931494,0.11287130016053276,0.13794000888497085,0.034544415553530675,-0.03933212590408767,-0.09130886947905598,0.19840368534346184,-0.21582602137808285,-0.04280604394999406,0.09398769213912775
CZE,0.15819032939699443,0.05580902227203205,0.23799918364372272,0.08830648158227983,0.03326092654725237,0.0634626503022669,0.22423881322539682,0.02035378491956344,0.009212621224860669,-0.07932181287437068,0.07027662589198425,-0.05966234270318456,1.0,0.18106551989899491,0.20476695543635237,-0.17463671218966442,0.18282811689287876,0.052002129911298024,-0.07243309416533036,0.24841527384555787,0.023247304805934267,-0.021546100909571327,-0.2069121996561995,0.08193919242413097,-0.16934394657669138,0.15546432747237005,0.29801738002314904,0.06627625531834394,-0.011646709858322212,-0.13301544589670652,-0.043533956103684275,-0.24088552525491083,0.2449668742146441,0.14262405473005935,0.09847071010952765,-0.26561234306416026,0.062086901110698194,0.13508501944216542,0.3949853560801278,0.27876610235774973,0.1701251127822267,-0.04233749788098711,0.017249693605028125,0.2603072025142026,0.16435382250926034,-0.2941801163305652,0.15438278672512395,0.01919881447956834,0.1139888053695566,-0.037149868400708115
DEU,0.18421083949144892,0.051398991116765956,0.10359176369820752,0.30928761613456035,0.30688015921384454,0.17640012343200878,0.1757229093297892,0.20997930417393934,0.17690424025427642,-0.2143743541418804,0.031885967510188094,0.007457559126147825,0.18106551989899491,1.0,0.24716802158548898,0.006448518546279569,0.08722435521997826,0.16824111268275274,0.3355130644423786,0.30698142096903047,0.03743825386641076,0.05062814562109532,-0.13427473107431553,0.3483470100128245,-0.09328477222963628,0.18700798967575502,0.35613349007935574,0.08589290588240073,0.043540269705150486,0.2410767483411821,-0.03039605941872724,-0.09288533010725618,0.29500458776201455,0.2876008180150967,0.06384043936419348,-0.06280702948233723,-0.11081585220849004,0.11599383033154095,0.37295473839510496,0.21297855422921788,0.3053297684927584,0.14510810808904215,0.2393871573294703,0.02560216209923848,0.09935492802749583,-0.021615602048361958,0.2551540932438958,0.23095636045202148,0.07079338846587528,-0.04183030402120834
DNK,0.08541199868581817,0.1280613901316526,0.2891163723739123,0.12304449697278011,0.17978956678785438,0.025456428777275112,0.17361888547388826,0.024729342910974516,0.07347838746408268,-0.009592540349354268,0.13005526678610754,0.05986850562366604,0.20476695543635237,0.24716802158548898,1.0,-0.0139377123621411,0.02874651333808159,0.15220850646703551,0.024893304898152266,0.13116071930662668,0.20118141203525663,-0.03819728730282109,-0.10845488230418043,0.06448974123346324,-0.09824211086902761,0.07230546253345357,0.12583053616069717,-0.1594608980539721,0.18744152717774726,-0.11181522613489174,-0.047663055303847186,-0.1525795284350388,0.11523400756603455,0.21014649561295837,0.24003669150402718,-0.12176344903870479,0.1543781356556665,-0.01937110688590211,0.24238190525723435,0.14325604505210832,0.026312467665965983,0.02231189352304111,0.1405295264763066,0.14238315448466354,0.14291161582977277,-0.057534918439859244,0.13429589181949486,0.06591941247605047,0.12687409079933118,-0.028982255892217552
EGY,0.008033524740826808,-0.1088247267747346,-0.02190735855974334,0.19665184830382382,0.04556925702557797,0.07813783798946128,0.10960992504417486,0.2863695457390926,0.06245966704929527,-0.10843757000669613,0.033996396216537834,0.024847787529565884,-0.17463671218966442,0.006448518546279569,-0.0139377123621411,1.0,0.03344297692843193,0.06897560797999149,0.07481062628506237,0.2184325573582289,0.03271979911980184,0.34174057184663953,-0.17348115168072936,0.18642368700600842,0.1360683322325299,0.006028678298522437,0.15553597104981998,-0.013208163030222698,0.13137929402993026,0.07942945874284522,0.13271582876133012,0.1315412704831276,0.18724966659858935,-0.005407004200476896,-0.031198250390899466,-0.02177413262851851,0.05134652531911801,-0.0016947218729231862,0.025435988750580354,-0.031121991320852044,-0.08911557552654767,0.4221943115617027,0.12464808314788078,-0.16112574048046802,0.011957667256406092,0.12546425319279017,0.25687871843647997,0.32439594505284575,0.20064661792842417,-0.1925622777085101
ESP,0.2792503429263263,0.1044489445022327,0.16633557062498622,0.06335759301649786,0.12594236803781858,-0.007122463386116209,0.18594862601086048,0.20935014711974076,0.07424883369969575,-0.12618661486017438,-0.021587468712597892,-0.026876315769659143,0.18282811689287876,0.08722435521997826,0.02874651333808159,0.03344297692843193,1.0,0.23007877881739408,0.32128161676929123,0.30164687230769666,0.17093525734527684,0.23511945618106278,-0.12501392601536537,0.2334093700979647,0.026539451371363015,0.18449050485305588,0.2972823255051184,0.10435303516262082,0.003501903001497096,0.18968495895740575,0.15690232614600055,0.06292034164112122,0.2822382892150266,0.03370548725628498,0.03771278620973042,0.10062865675759998,0.09096636080290134,-0.06675141872625655,0.3269406748903717,0.24158174552282038,0.28473998725104677,0.25612614218100566,0.24761915860508785,0.056294495044005285,0.057441892117618076,-0.17657107445767278,0.214461989801301,0.12825278917526542,-0.004472118707639301,0.010803288967163902
FIN,0.13366019795642436,0.17667892149154257,0.17703287648839336,0.12931368561346085,0.13877083177632135,0.039647622950074714,0.28987981861683404,0.0781340108763765,-0.11981305698707705,-0.04479742894447213,0.04163289815811755,0.10859541809892288,0.052002129911298024,0.16824111268275274,0.15220850646703551,0.06897560797999149,0.23007877881739408,1.0,-0.05821085236655313,0.14061231160799995,0.1346018384629736,0.287230801345418,-0.03641012701381516,0.1554822499819032,0.09798710046309,0.09020035216809424,0.24006934468743574,-0.11647145970042674,0.12413956031461065,0.10346680908330602,0.04005996743996733,0.061782817751408994,0.2476835193603345,0.22508083074698904,-0.022291627304337827,0.14347054421562908,0.13318946358584063,-0.11059853489669724,0.24238227620809366,0.29665383039108084,0.1865276105585827,0.2294514396817297,0.15767210228668702,-0.07203201806682781,0.06689489535897787,-0.16457856724593495,0.28890739426964523,0.09847067367221898,-0.07168838790856136,0.17124467782129077
FRA,0.3508720400824587,0.02074862264804211,-0.027495309890257544,0.2252862687814814,0.3617536192740445,-0.037643566543711794,-0.06623271694648561,0.29338957112121566,0.3426588359929479,-0.32736809938554173,-0.04235275686132271,-0.009848093783244114,-0.07243309416533036,0.3355130644423786,0.024893304898152266,0.07481062628506237,0.32128161676929123,-0.05821085236655313,1.0,0.3641457561733649,0.07192066931250728,0.03192418613486092,-0.12292527002448811,0.4134016175250357,-0.038334947025061544,0.16457757394037764,0.06902170870915289,0.1219249885839816,-0.07273644697893285,0.570285431212075,0.12305338363899239,0.21083623125060696,0.1497406938469442,0.16731955232240434,-0.0006268368335657087,0.1814650698443678,-0.10715054057931533,0.18908374509818088,0.09465285140938193,-0.1643418511178939,0.2355063928800382,0.22016334331570442,0.3717704143352655,0.035667714177713805,-0.08420897429759226,0.06285487158475073,0.15206301615107953,0.21403654141227463,-0.11363519500596725,-0.13034705972193822
GBR,0.38483453368552983,-0.09373044015937644,0.601292004578394,0.17669214313141945,0.2413988757881848,0.15585620182237803,-0.026912017617317242,0.7793140016947202,0.3692669847223237,-0.1791600507540688,0.1272968112579332,-0.08552080824549113,0.24841527384555787,0.30698142096903047,0.13116071930662668,0.2184325573582289,0.30164687230769666,0.14061231160799995,0.3641457561733649,1.0,0.09247777013977829,0.11574758950176,-0.05828577801397814,0.7547890175512653,-0.20090315656453844,0.10663742447049267,0.39127810131202345,0.025550432949848736,0.15452352675293798,0.138467543072965,-0.05951275040188642,-0.05864866891126148,0.24685904127444774,0.07989030022756749,0.4551848078850296,-0.10210895931496838,-0.0018361785580203408,0.41026233149727387,0.2581790025464801,0.1213036915821379,0.1867481267428301,0.3577065728023988,0.2781700270092899,0.1971302908324307,0.057897567923832285,-0.12477017834891965,0.23856291123398207,0.7591111358388413,0.1575444119505756,-0.09933433454255926
HKG,0.02268994881433937,0.0970637330202862,0.11287947420242864,0.16200954733916312,0.06494545894736223,0.052877339611867046,0.13209456558676244,0.06937892493633831,0.09488718210701129,-0.05139835959914895,0.07414523005686043,0.17822639422001352,0.023247304805934267,0.03743825386641076,0.20118141203525663,0.03271979911980184,0.17093525734527684,0.1346018384629736,0.07192066931250728,0.09247777013977829,1.0,0.1810042988377565,-0.09447439579339373,0.1586428232413683,0.06397183096930101,0.12718552808938222,0.13770900517009993,0.07264543234631929,0.07874474854473316,-0.025351318340162472,0.08005051629173676,-0.07528512604737637,0.026394137927520864,0.05863067282375724,0.057633441929709275,0.06342901298858741,0.07463960692839683,-0.03013996742261966,0.12211057659086608,0.06572946175201197,0.06016371934598841,0.19209317752460495,0.11828235909988721,0.15091828252010334,-0.007783747692353498,-0.02590909707475216,0.12561525548512179,0.04891055521155249,-0.0080638633070364,0.1182268556359609
IDN,0.07717887102949121,0.10990505740251398,0.0012028085394901829,0.20389885761432736,-0.0180408347777375,0.054355561806293445,0.49161403074702836,0.11679871787714566,0.13490242227862273,-0.09287701406280979,-0.07672200644736141,0.2140510514547657,-0.021546100909571327,0.05062814562109532,-0.03819728730282109,0.34174057184663953,0.23511945618106278,0.287230801345418,0.03192418613486092,0.11574758950176,0.1810042988377565,1.0,-0.16849760775570616,0.056065763215689485,0.17533251139209785,0.14588225896724413,0.20096702437868477,0.1820513239913162,0.05675897904311439,0.04325208073401959,0.2502176886619708,0.0686060401757152,0.44391338289783866,0.2624899845018384,-0.10725274147733706,0.1292690197019911,0.07195037264538735,-0.00756184818047016,0.3233163038363837,0.27528548546555937,0.15100185496588697,0.5916900947909142,0.24255955420892228,-0.1110743778378469,0.23083789993887582,0.09789914985441363,0.5625602024908408,0.13747980620802716,0.1635193728813711,-0.05869882845734069
IND,-0.04144219878524728,-0.14621470560256208,0.14953061639806053,-0.2360326674610255,0.046384221556290045,-0.012190989480840995,-0.16780589364965035,-0.0771752339929205,-0.17867323516741435,0.0681994749002987,0.08715622439703224,0.006304605150501203,-0.2069121996561995,-0.13427473107431553,-0.10845488230418043,-0.17348115168072936,-0.12501392601536537,-0.03641012701381516,-0.12292527002448811,-0.05828577801397814,-0.09447439579339373,-0.16849760775570616,1.0,-0.10865983954431076,0.09663993929105821,0.05235373964312231,-0.26170007023348324,-0.2789525663144669,0.03241967848923551,0.005174804367105156,0.17065253922074233,-0.19197142895767103,-0.162338596065614,-0.05924070615240079,0.1908664646237852,0.4469177437233559,-0.1363064628063925,-0.15994255845463082,-0.2935269919164434,-0.13900449368917142,-0.04994084250045487,-0.19352602532879973,0.007694443451815891,0.23367981414457958,-0.1677261974443354,-0.13437111015933717,-0.3128171359257502,-0.06370514121706655,-0.37148581269845504,0.1606376994685063
IRL,0.3381166760871252,-0.10930844331877564,0.4422739089927198,0.12023817685600321,0.17048455503557242,0.08540322870407369,-0.11888867451365474,0.7061158134423381,0.3242646438068874,-0.17664466529662465,0.06219726535902328,-0.06630893390700847,0.08193919242413097,0.3483470100128245,0.06448974123346324,0.18642368700600842,0.2334093700979647,0.1554822499819032,0.4134016175250357,0.7547890175512653,0.1586428232413683,0.056065763215689485,-0.10865983954431076,1.0,-0.14319574770993762,0.07701505079448809,0.3900552630822538,0.0863833811682033,0.16744298427849771,0.2482970395192951,-0.045909135232948,-0.0004590364444326546,0.11454037744305115,0.07589316754543549,0.3124154973443387,-0.016468441099116587,-0.04039318883912484,0.4364869385169615,0.10369669420675105,0.018459937294567533,0.025799079242945472,0.27499987414932375,0.24322062701013702,0.08300995120421359,-0.07551901858351692,0.025193217201658437,0.19274502846380193,0.6712028925800432,0.14975941771268197,-0.10659514950530424
IRN,-0.17436829628755446,0.1002446203285287,-0.05937337038825096,-0.05883141348135414,0.0010233572993527456,-0.054201605868547074,0.10282043335137986,-0.1363216367819118,-0.1570905106216553,0.021052446883087106,-0.029803881659434078,0.03371694622347699,-0.16934394657669138,-0.09328477222963628,-0.09824211086902761,0.1360683322325299,0.026539451371363015,0.09798710046309,-0.038334947025061544,-0.20090315656453844,0.06397183096930101,0.17533251139209785,0.09663993929105821,-0.14319574770993762,1.0,0.0110829146686521,0.011851893765337978,-0.09132517841922491,0.02417807246020091,0.08264711485811915,0.14131478328826533,0.016776751368645215,0.057925984764364724,-0.004870850530613108,-0.07062000840560084,0.0919716451171474,0.053742001955365166,-0.10650760996828122,-0.14394980905675656,-0.07990544931047878,0.006534797477631521,0.1617055895762411,0.09882074729882549,-0.0204802757503689,-0.1534291973892577,-0.07185860730181902,0.04469895843471441,-0.1286140257066886,-0.18883712179910717,0.14742364822302295
ISR,0.04828936260236361,0.08631744160632694,0.1523587270124153,0.09602413260232608,0.11040230353380619,0.07224386095708274,0.16058452361412054,0.09007786679358135,0.06682797374714504,-0.07299003595257908,-0.09240551902678439,0.14894793737038373,0.15546432747237005,0.18700798967575502,0.07230546253345357,0.006028678298522437,0.18449050485305588,0.09020035216809424,0.16457757394037764,0.10663742447049267,0.12718552808938222,0.14588225896724413,0.05235373964312231,0.07701505079448809,0.0110829146686521,1.0,0.09724207325432054,-0.00310986287104723,-0.045497009368514654,0.03009149941594252,0.20092578962575114,-0.208030843167049,0.19605847085666533,0.043304316538551206,0.03139339028695685,0.16382201275216687,-0.044217638815154184,0.010546316333577624,0.14612900137697535,0.17638696769868303,0.2819803589993155,0.17165686457838972,0.1047816917837023,0.10553890787275517,-0.06722800955470497,-0.009636232950421453,0.14597420850340775,0.028109025437556785,-0.01786578364760191,-0.06741284639406926
ITA,0.09250409803523084,0.049187440931053934,0.3189188030279352,0.15808980820614416,0.1803326972325788,0.14055416768211165,0.20042579745054542,0.3502464945917868,0.040573283350605366,-0.12813685987607362,0.01043814722724306,-0.06614299482925201,0.29801738002314904,0.35613349007935574,0.12583053616069717,0.15553597104981998,0.2972823255051184,0.24006934468743574,0.06902170870915289,0.39127810131202345,0.13770900517009993,0.20096702437868477,-0.26170007023348324,0.3900552630822538,0.011851893765337978,0.09724207325432054,1.0,-0.12446394068997126,0.06416376534290141,0.10829611140873185,-0.1469255551131591,-0.14288094782468877,0.32277882516242207,0.1337684340443139,0.18250314042524365,-0.15337095037207227,0.017501487992731,-0.014843471968198485,0.3980200279780033,0.21325333472320365,0.18768320082165052,0.22602157812168475,0.04243482109425323,-0.09246310749760454,0.0850693745192041,-0.15412400855671343,0.29440189943146183,0.33138442949076985,0.214086834652142,-0.07697020477939241
JPN,0.24033522287131612,-0.025499834609135665,-0.1961693527501093,0.129904826000962,-0.07639353436764444,-0.09394123944704279,0.13583934695682068,0.09586963195721236,0.1855580128312358,0.0021552896307605787,0.03623002918188501,0.12720174757708844,0.06627625531834394,0.08589290588240073,-0.1594608980539721,-0.013208163030222698,0.10435303516262082,-0.11647145970042674,0.1219249885839816,0.025550432949848736,0.07264543234631929,0.1820513239913162,-0.2789525663144669,0.0863833811682033,-0.09132517841922491,-0.00310986287104723,-0.12446394068997126,1.0,-0.002326472660578333,0.0626077642571947,0.10734123630624903,0.14476865269743416,0.10162206110787256,-0.027073954047206163,-0.12497415188656376,-0.019347412040319,0.12608188789008207,0.3489395708050775,0.13560917724301827,0.033603020760640735,0.08277959634518588,0.16765496175712338,0.08452173152687958,0.000795695978145062,0.08186576429557639,0.1991725154874198,0.23058889485347023,0.09156384497580404,-0.006063526812997531,-0.05809192402164458
KOR,0.05287797261966133,0.04949211156438333,0.1605028764869196,-0.03210443663181377,0.08248227928862625,-0.0631066121717546,0.02929043449095688,0.2177436008747978,0.13475088222943754,0.19441068450958612,0.0768448520049615,0.02470424677397841,-0.011646709858322212,0.043540269705150486,0.18744152717774726,0.13137929402993026,0.003501903001497096,0.12413956031461065,-0.07273644697893285,0.15452352675293798,0.07874474854473316,0.05675897904311439,0.03241967848923551,0.16744298427849771,0.02417807246020091,-0.045497009368514654,0.06416376534290141,-0.002326472660578333,1.0,0.04326721607890021,-0.05795591552717442,-0.0026350381864698033,0.07520968062375363,-0.11957113239434006,0.07485913799347076,0.04954696908163021,0.20422726569856772,0.03433136585822032,0.011342591927836564,0.007431104871413993,-0.0395263213933207,0.12537870384734573,0.12583453187965393,-0.06070571386857357,0.08604308373477382,-0.10165085827478433,0.07863794573532872,0.18275710085217486,0.05263593780317761,-0.0712671028765574
MEX,0.26990561393478235,0.10266977233133015,-0.03770010278886131,0.05478873291501087,0.32913622707622514,-0.04815194396743259,0.12303150110175362,0.12676393992429288,0.1505865554505713,-0.08666902872782493,-0.14451074147676712,0.18384993481609083,-0.13301544589670652,0.2410767483411821,-0.11181522613489174,0.07942945874284522,0.18968495895740575,0.10346680908330602,0.570285431212075,0.138467543072965,-0.025351318340162472,0.04325208073401959,0.005174804367105156,0.2482970395192951,0.08264711485811915,0.03009149941594252,0.10829611140873185,0.0626077642571947,0.04326721607890021,1.0,0.11167606710151401,0.17643860976138356,0.15343830232478586,0.22463700792028787,-0.05264215963987747,0.19935530528968498,0.02992656824051948,0.08177287455962412,0.10223351564872955,-0.0691887650570041,0.212299195663181,0.1536406744730452,0.29487766976677376,-0.022025633127380477,0.024875850293041575,-0.011952557800897943,0.15041099876648442,0.07745438891392575,-0.1400393112139565,0.11396031695836274
MYS,-0.020737753145785673,-0.02414011839615589,-0.07835592504455992,0.04911620272981548,-0.019899535447415573,-0.003926656889310721,0.14555340855725335,0.003701025966791649,-0.007967179835792416,-0.03233559893588836,-0.065207594370882,0.11869490843132038,-0.043533956103684275,-0.03039605941872724,-0.047663055303847186,0.13271582876133012,0.15690232614600055,0.04005996743996733,0.12305338363899239,-0.05951275040188642,0.08005051629173676,0.2502176886619708,0.17065253922074233,-0.045909135232948,0.14131478328826533,0.20092578962575114,-0.1469255551131591,0.10734123630624903,-0.05795591552717442,0.11167606710151401,1.0,0.10988615657575876,0.09273691565982185,0.11084013477936074,-0.059630260144360916,0.28842384566383916,0.029249365534866654,0.10049065468884155,-0.04825647093068232,-0.0487980120895917,0.08470022282801798,0.24793804348370307,0.01436767167538113,-0.014329431856159905,-0.0016057363549359697,0.014910077792064784,0.20924510280774122,0.04331725644280577,-0.1781600519605842,0.06052737325665996
NGA,0.167225000721567,0.0480447706468763,-0.2686706988523732,-0.061370404737086354,0.006787055163085182,-0.12414419799370803,-0.0973719303616431,0.09234522557442149,0.09242579682077336,-0.08131407268902975,-0.044075255472683615,0.0024625083139146646,-0.24088552525491083,-0.09288533010725618,-0.1525795284350388,0.1315412704831276,0.06292034164112122,0.061782817751408994,0.21083623125060696,-0.05864866891126148,-0.07528512604737637,0.0686060401757152,-0.19197142895767103,-0.0004590364444326546,0.016776751368645215,-0.208030843167049,-0.14288094782468877,0.14476865269743416,-0.0026350381864698033,0.17643860976138356,0.10988615657575876,1.0,-0.07367673522689265,-0.03098509064528439,-0.21560279392317036,0.10426689288118099,0.024540197812541065,-0.042614944787296084,-0.031950686204334465,-0.20287619664651665,-0.002400276968216442,-0.024392247040987778,0.034757316276094276,-0.0935090855399439,-0.12310432901201288,0.15736757807930718,-0.05493885150114292,0.016197934328031245,-0.00022046326565451486,0.03197623581449148
NLD,0.25203676225896887,0.19304901554827425,0.08325074302195155,0.18786639233469543,0.20426500180523563,0.04210421842587013,0.4934224012842122,0.05829312644346881,0.08117827822104812,-0.26277633555085983,0.03246359845660631,0.10052577989448765,0.2449668742146441,0.29500458776201455,0.11523400756603455,0.18724966659858935,0.2822382892150266,0.2476835193603345,0.1497406938469442,0.24685904127444774,0.026394137927520864,0.44391338289783866,-0.162338596065614,0.11454037744305115,0.057925984764364724,0.19605847085666533,0.32277882516242207,0.10162206110787256,0.07520968062375363,0.15343830232478586,0.09273691565982185,-0.07367673522689265,1.0,0.2586027985335006,-0.03342070828614879,0.021660883819928856,0.012823367827276402,0.009964869543330911,0.5558007902148323,0.3563872605332906,0.32425840716898224,0.4415982159241555,0.2621259207678334,0.02925153834098319,0.3404144678523047,-0.1262054566008597,0.48477106123894476,0.07270490511651269,0.08983603418458616,-0.14309802644780206
NOR,0.019026890394857464,0.10812067458970123,-0.04283394833329243,0.22489468661501627,0.08763729561425732,0.1278537246233411,0.36449229120599436,-0.07732526166724864,0.15161448722226434,-0.15622323709110852,-0.1469338587663319,0.13783638732498674,0.14262405473005935,0.2876008180150967,0.21014649561295837,-0.005407004200476896,0.03370548725628498,0.22508083074698904,0.16731955232240434,0.07989030022756749,0.05863067282375724,0.2624899845018384,-0.05924070615240079,0.07589316754543549,-0.004870850530613108,0.043304316538551206,0.1337684340443139,-0.027073954047206163,-0.11957113239434006,0.22463700792028787,0.11084013477936074,-0.03098509064528439,0.2586027985335006,1.0,-0.09766983677106375,0.06222293181866667,-0.020870986533191988,0.10474539620450295,0.23951115091399647,0.20854048239043813,0.29645079935052854,0.16466831239831378,0.06628696381853279,-0.07619629736259642,0.1929217191794538,-0.005832369015299189,0.33476916907697113,-0.06160236060208335,0.03895425094393037,-0.0890782431396281
NZL,0.1563162789142598,-0.02321393715656714,0.6404249059882546,0.006653108197229202,0.15529828613274177,0.07481879953401221,-0.04426790092328797,0.3347211229329988,0.11080392683263207,0.1120403544200078,0.11570566649841063,-0.06567200723428529,0.09847071010952765,0.06384043936419348,0.24003669150402718,-0.031198250390899466,0.03771278620973042,-0.022291627304337827,-0.0006268368335657087,0.4551848078850296,0.057633441929709275,-0.10725274147733706,0.1908664646237852,0.3124154973443387,-0.07062000840560084,0.03139339028695685,0.18250314042524365,-0.12497415188656376,0.07485913799347076,-0.05264215963987747,-0.059630260144360916,-0.21560279392317036,-0.03342070828614879,-0.09766983677106375,1.0,-0.1567152763410176,0.09811638348582186,0.10594212823998843,0.06791136797658778,-0.06520662969180192,-0.052834174851229224,0.026430734903473967,0.03942577507862667,0.2877456489771625,-0.024564061470670685,-0.10917696253946894,-0.03535138254953546,0.3333639895238114,0.12286137238027121,0.026422089476389292
PAK,-0.030073068091570634,-0.097172482735813,-0.1769523660709162,-0.04076244420195828,0.00491694957898823,-0.11381511113793866,-0.010950347664272084,-7.294392317488266e-06,-0.04790154814005603,-0.09814178548705861,-0.07024651509668443,0.04582857747161409,-0.26561234306416026,-0.06280702948233723,-0.12176344903870479,-0.02177413262851851,0.10062865675759998,0.14347054421562908,0.1814650698443678,-0.10210895931496838,0.06342901298858741,0.1292690197019911,0.4469177437233559,-0.016468441099116587,0.0919716451171474,0.16382201275216687,-0.15337095037207227,-0.019347412040319,0.04954696908163021,0.19935530528968498,0.28842384566383916,0.10426689288118099,0.021660883819928856,0.06222293181866667,-0.1567152763410176,1.0,-0.0671502632522028,-0.024164006503140028,-0.0557757322280857,-0.16556042747625324,0.06504102824767226,0.08388393044578642,0.15423425570764962,0.002917264321918578,-0.09927561723437446,0.10001487315212303,0.011552485922003822,-0.04242403167659562,-0.33895430706486157,0.15763071702041165
PER,-0.057705123381405765,0.19473132018001257,0.11172502144717099,-0.09948909682295438,-0.015034750899484,-0.12751461713446174,0.1905231420839058,0.07665473504190293,0.02987663042589405,0.3096786184583279,-0.09603718427029068,0.1161550469760811,0.062086901110698194,-0.11081585220849004,0.1543781356556665,0.05134652531911801,0.09096636080290134,0.13318946358584063,-0.10715054057931533,-0.0018361785580203408,0.07463960692839683,0.07195037264538735,-0.1363064628063925,-0.04039318883912484,0.053742001955365166,-0.044217638815154184,0.017501487992731,0.12608188789008207,0.20422726569856772,0.02992656824051948,0.029249365534866654,0.024540197812541065,0.012823367827276402,-0.020870986533191988,0.09811638348582186,-0.0671502632522028,1.0,0.020317323880328773,0.13418271911864435,0.0024624881539930363,0.018174573491693345,0.07825716579984195,0.03490696175998517,0.009015926286066714,-0.007295529802756088,0.027915567899607516,0.10408261800805328,0.061291549424748334,0.006698936542294848,0.1275051132950822
PHL,0.1140753063790948,-0.19919699150231543,0.08874580954372009,0.11358607622926772,-0.028893304990695652,0.005615989642256625,-0.07214987959765225,0.34374265813097543,0.3309225576785059,-0.1148103618901383,-0.010334488708961266,0.029687990630830274,0.13508501944216542,0.11599383033154095,-0.01937110688590211,-0.0016947218729231862,-0.06675141872625655,-0.11059853489669724,0.18908374509818088,0.41026233149727387,-0.03013996742261966,-0.00756184818047016,-0.15994255845463082,0.4364869385169615,-0.10650760996828122,0.010546316333577624,-0.014843471968198485,0.3489395708050775,0.03433136585822032,0.08177287455962412,0.10049065468884155,-0.042614944787296084,0.009964869543330911,0.10474539620450295,0.10594212823998843,-0.024164006503140028,0.020317323880328773,1.0,0.008324967810702294,-0.10940319069580255,-0.08792181654013334,0.08250083369818534,0.04480688903097472,-0.011395995248042927,0.08364610445193624,0.0875119711856913,0.17953212111941777,0.34930107369660285,-0.015550343418902527,-0.14392756795520179
POL,0.21294075781866595,0.18035008936421085,0.13687297969413906,0.28029124295220104,0.274474725207645,0.0707103891065584,0.5617299660361987,0.015331650641453731,0.050404945890589525,-0.12422323015101257,0.07492852611374087,0.15030607446797686,0.3949853560801278,0.37295473839510496,0.24238190525723435,0.025435988750580354,0.3269406748903717,0.24238227620809366,0.09465285140938193,0.2581790025464801,0.12211057659086608,0.3233163038363837,-0.2935269919164434,0.10369669420675105,-0.14394980905675656,0.14612900137697535,0.3980200279780033,0.13560917724301827,0.011342591927836564,0.10223351564872955,-0.04825647093068232,-0.031950686204334465,0.5558007902148323,0.23951115091399647,0.06791136797658778,-0.0557757322280857,0.13418271911864435,0.008324967810702294,1.0,0.4346490068224414,0.3945265224772016,0.17792037436295954,0.1258577541384936,0.048239554305453014,0.36276135431846385,-0.13646510498494777,0.5309441653610131,0.03591089077448017,0.16653386170826742,-0.007056504695981407
