,ARE,ARG,AUS,AUT,BEL,BGD,BRA,CAN,CHE,CHL,CHN,COL,CZE,DEU,DNK,EGY,ESP,FIN,FRA,GBR,HKG,IDN,IND,IRL,IRN,ISR,ITA,JPN,KOR,MEX,MYS,NGA,NLD,NOR,NZL,PAK,PER,PHL,POL,PRT,ROU,RUS,SAU,SGP,SWE,THA,TUR,USA,VNM,ZAF
ARE,1.0,0.20616677521737392,0.14282284609000007,0.10838012823693892,0.2545232993906163,-0.07290430526843282,0.2561350243628588,0.5547168776874133,0.3203812051303513,0.16134111187593353,0.1727627896162466,0.1930163100567003,0.3462894946727472,0.22429294387160226,0.18507796219287256,-0.09848080693501769,0.37452942614432594,0.09068659262000665,0.4633938159762824,0.5201761507796143,0.28387937615347025,0.08671113182364926,-0.14471106044475956,0.5481149470495759,0.2408195996665089,0.07293346378409614,0.39745882315318515,0.14580003192898291,0.3460315007929975,0.5859303699815286,-0.18326528510783224,-0.008456831850858557,0.4652326032157904,0.12419824866834099,0.06988377367055008,0.32984020348168114,0.1430198653011901,0.43299201351091027,0.18420391737791145,0.35395643996909437,0.525239377581217,0.3951249752750151,0.22446099696109592,-0.1797730370352241,0.06102135069252844,-0.21376280738280531,0.2933818436475709,0.26608519138827613,0.1856522485330827,0.09412522317239914
ARG,0.20616677521737392,1.0,0.41224921553942423,0.01492808931785993,0.038193524241403945,0.16471810626115577,0.6666386075450058,0.02426539067426737,0.1804343645506029,0.7299820222382303,0.27311664321764156,0.5483412569458399,0.043173625727587775,-0.1723024536985424,0.007102942794019602,0.08149431158503588,0.35826601881775594,0.17002868468707047,0.03961463296695132,0.03162063766506673,0.5171034736519151,0.011005687810844178,0.04655762865090446,0.07335534242154251,0.19825661706569067,-0.007848028129344058,0.31787198349609713,-0.07512443490741673,0.5775270275862865,0.3483221955296735,-0.07261674316997418,0.055642849763568356,0.16755442368621623,0.11779689966261642,0.271831314922707,0.0953478494229573,0.2873052054099419,-0.15605240897610217,0.15101222257154578,0.46927091705235846,0.07485367087593574,0.14458665777252014,-0.2524193442939493,0.029998459023746576,-0.015931325481407452,-0.2768960634317746,-0.2912741179958821,0.3671524192712004,0.273647169800569,0.4170426324332896
AUS,0.14282284609000007,0.41224921553942423,1.0,0.33746888563023847,0.000980828663680817,0.293496833443242,0.49259273117420377,0.024731583327546346,0.2795283718584295,0.33490359520025825,0.10178465412353957,0.4882400857178085,-0.017587995316392505,0.03448600343374351,0.1941976475431171,0.3433736092298809,0.14059711694105229,0.13398827867098606,-0.20069075170655004,0.20349578040853772,0.34496289734060664,-0.10113258277508577,0.3511730079926816,-0.1790727181898723,0.16847396604077325,0.2604148150879713,0.15780882207150088,0.175299965372074,0.40834379985901414,0.05810279656260941,0.004913153811737459,-0.1148061819738184,0.16559293474073652,0.04992234917010937,0.6041137169203445,-0.15844160802054838,0.20849300676115645,-0.3792149762102765,0.14913087735781544,0.20043042404587058,-0.18128614428100395,-0.037097207964701125,-0.4408315537611408,0.19741662284448375,0.10660259075432227,-0.011502974151925121,-0.47593655118346373,0.5191815233861443,0.20634090815394598,0.4793139560631832
AUT,0.10838012823693892,0.01492808931785993,0.33746888563023847,1.0,0.3203522177623795,0.15328121330122343,0.15275177650068097,0.23887502490527068,0.37946196974286817,0.009430029826995645,-0.05639587576988526,0.21585826320779358,0.3662109890400924,0.3638328745940057,0.08374900966054157,0.12974005139103828,0.2462954486333837,0.1188421942341347,0.12920065691874863,0.3164449288605945,0.12138788726316128,-0.052248168040394234,0.1372239893593909,0.1070082573418555,0.0662400494319772,0.2724806912916754,0.24568574375187946,-0.06299359031713729,0.20751537633377543,0.027783082353092545,0.14121177638346624,-0.07166229690158966,0.20818758743636137,0.14966001082602767,0.08415684529579624,-0.2174750808274917,0.22380302014846676,-0.06383139580135368,0.26402191680492015,0.20302723964752942,0.10385202294829642,-0.08630208598890424,-0.08816878033756964,0.11380360038529409,0.23793072463519827,-0.02732964812561615,-0.11722469128271937,0.2656845699857104,0.22178019529726273,0.23269993692584118
BEL,0.2545232993906163,0.038193524241403945,0.000980828663680817,0.3203522177623795,1.0,-0.08816621044345545,0.15838537454456963,0.4147440315275146,0.33647143123220313,0.09603503510375466,0.04264885358997605,0.2780547497975539,0.457192727299754,0.36527459893983943,0.10224091336065641,-0.18953237001869336,0.35279555130838747,0.21907473006267408,0.5093016778235363,0.3935660310416205,0.2651783238693614,0.18232836964621474,-0.20645719906404258,0.3826891716017135,-0.094613876103514,0.08318100159448644,0.2904952824592797,0.01132411633981075,0.07869963565074198,0.2877114824919598,0.04648415657277093,0.13180848348585267,0.46706363330744605,0.31956769511240246,0.00648636086994121,0.1326038936640038,0.09017556352668679,0.28208159147482254,0.17806048681034736,0.14159881752214187,0.29706237118477635,0.3662154993115476,0.22424920712863305,0.09375415392064758,0.2557218004656985,-0.18850965885987647,0.29331155376722734,0.24411119662556596,0.12550847467055432,0.3075647088964107
BGD,-0.07290430526843282,0.16471810626115577,0.293496833443242,0.15328121330122343,-0.08816621044345545,1.0,0.02448695092004066,-0.04143037896533435,-0.10474639689950255,0.04940948965006273,0.10343593928041543,0.06633910687794896,-0.2474490880440697,-0.08401017729972964,-0.07804486452943969,0.18036631828305905,0.013867684422281645,-0.029683445150892235,-0.1813372228951582,0.08262423636398218,-0.07587018426807046,-0.14060311815432106,0.2539402129283393,-0.1466244585760268,0.16475020553660513,-0.08495480224180485,-0.06006627425207331,-0.11112819933187436,-0.05613017683390269,-0.06154239825873775,-0.06224969085531653,-0.38817862892300264,-0.008539846805255465,0.031205440812601407,0.07801237180367171,-0.041723101343979455,0.14189002788697308,-0.38719995199869134,-0.04211125838679421,0.035861114274262446,-0.2680673072273562,0.02223938903152966,-0.30542917076984105,0.18810463296274288,0.006794266476615579,-0.010867848792276254,-0.21606731845296992,0.2530307534344324,-0.06884676186474693,0.022179111424606445
BRA,0.2561350243628588,0.6666386075450058,0.49259273117420377,0.15275177650068097,0.15838537454456963,0.02448695092004066,1.0,0.05153647197558682,0.33950672230123935,0.7302894496995922,0.2873484059732285,0.4587705688092455,0.08447112370524365,0.09148346372009811,0.24619422096664023,0.26566482285129667,0.16601687037813911,0.07769097820478366,-0.001680731310535185,-0.03639180297577605,0.6182968362890643,0.13654093277389923,0.11246900413732183,0.0017828582039644627,-0.06874967269743801,0.23802345127463842,0.17436703750095817,0.31070752444645866,0.6410961405977668,0.24978087381206007,0.20145852216020513,0.10188446412856253,0.16169008822260492,-0.03832300610090357,0.48303016315491176,0.07907213222166112,0.5225969895902277,-0.013682427890490097,0.05731121972818552,0.22498970392747067,0.18448062716008948,0.008923528476733738,-0.25046335671313763,0.25404316965428314,0.03149185816169599,0.029802477201959034,-0.135416837518973,0.3320583298918485,0.14847260663503223,0.5403857696653219
CAN,0.5547168776874133,0.02426539067426737,0.024731583327546346,0.23887502490527068,0.4147440315275146,-0.04143037896533435,0.05153647197558682,1.0,0.343236700184948,-0.055367874723936165,0.07119296220514162,0.3038547957597281,0.30668430406529307,0.41099229900173606,0.17562102858991474,-0.12837408679466014,0.5033720413580978,0.06918985897056384,0.585166218479771,0.6916887232537654,-0.025293397968527687,0.35520707351292274,-0.1626134122756006,0.6457207063955741,0.3769631112709455,0.05558088727275459,0.4139064696802505,0.12405175394788856,0.11180884621566105,0.6559535163559421,-0.08303741464310868,-0.021504635396327455,0.5900511342931893,0.4272393470817569,0.031519879550202926,0.256355734145766,0.21070744894970367,0.45668712655039895,0.3461000863458803,0.3502824749596847,0.5735859606934918,0.4223111132259659,0.47968208287039255,-0.2956017366022544,0.13550511652796812,-0.14595718247119358,0.37041787711697366,0.4531583351666313,0.21147171588866912,0.024400593217252697
CHE,0.3203812051303513,0.1804343645506029,0.2795283718584295,0.37946196974286817,0.33647143123220313,-0.10474639689950255,0.33950672230123935,0.343236700184948,1.0,0.23542527212166264,0.03448462414371323,0.22009025070398747,0.40769927696826375,0.45251205826224855,0.1841547238000321,0.051337719554630866,0.25958660447735904,0.22976118249008745,0.4002343804028881,0.2556006667288345,0.2253441793185103,0.354896329517332,0.01698340365769602,0.3824451472858626,-0.03812339993703121,0.20757265097645947,0.3078909993916819,0.07768139449255475,0.31642043344656473,0.394472668795283,0.20153479489048692,0.09746414754378177,0.41682093259027725,0.22340434989792265,0.214049758520723,0.08206699176069247,0.21137927750155266,0.243399462598025,0.19186177781974006,0.22274335074083873,0.31525526052602515,0.1488992092943165,0.10048049572544798,0.21336290791174115,0.2897291928558565,0.0415897308964487,0.0771264377951501,0.4403500071855749,0.20713468646727784,0.2523221285247235
CHL,0.16134111187593353,0.7299820222382303,0.33490359520025825,0.009430029826995645,0.09603503510375466,0.04940948965006273,0.7302894496995922,-0.055367874723936165,0.23542527212166264,1.0,0.16505222648308568,0.3360568565712315,0.14255857034989367,-0.04303639203448489,0.15564281884234635,0.25537818217182334,0.1846527411302769,0.29806258975986577,0.009155745168818282,-0.08000542810573215,0.4748934173930082,0.061376060632238806,0.05345492713050077,-0.05029290584018347,-0.010653891065751871,0.09209293610953571,0.1418599576891211,0.03185312507152006,0.5573229026020369,0.11466407056507945,0.02499308673081567,0.07363906854985434,0.05654064045677553,0.05194531852689853,0.24832101161897557,0.08686581932804807,0.4498826296562706,-0.13496707774223649,0.03115180645815319,0.26747265718063595,-0.014404281261486148,-0.008095545959185902,-0.24521091309354326,0.14972230648905238,0.006909304723565536,-0.17805274704350763,-0.22071414994184507,0.17792020362829875,0.1444423711120818,0.3511254339487492
CHN,0.1727627896162466,0.27311664321764156,0.10178465412353957,-0.05639587576988526,0.04264885358997605,0.10343593928041543,0.2873484059732285,0.07119296220514162,0.03448462414371323,0.16505222648308568,1.0,0.07966158909409979,0.08733393628898509,-0.09874235066565236,0.23458781688778557,0.1699369891226486,0.1196420077810202,0.04762790038643351,0.05519762142512148,-0.051404975392300226,0.39815497201009015,-0.1426589492394527,0.09580891377896862,0.0648201108946046,0.15737117886271706,-0.16043630353466976,0.18084153004209683,0.14200720053859747,0.2731189067868838,0.2710895065698102,-0.062374811473827854,0.029028731685754094,0.20046122971617497,0.12484087887918763,0.09495211672102442,-0.005382264534965187,0.23636142488279271,0.05720445083223255,0.0767922926423864,0.10325199113885453,0.14524384934311543,0.29664880776468633,-0.06583342118011318,-0.014583608379827143,0.031397975177820295,-0.10715591500352373,0.02487466296640402,0.25956316156110215,0.15413668762609906,0.13453429802640895
COL,0.1930163100567003,0.5483412569458399,0.4882400857178085,0.21585826320779358,0.2780547497975539,0.06633910687794896,0.4587705688092455,0.3038547957597281,0.22009025070398747,0.3360568565712315,0.07966158909409979,1.0,0.03795228980593019,0.15365741932771854,0.21027796422810982,0.17372692534574222,0.4066205831096103,0.04887215043524144,0.05490955884856402,0.3287502117406561,0.33510394366526525,0.14074410402245402,0.06524459558977408,0.14125655442629723,0.18625951471181326,0.0593835342719869,0.32938531018763695,0.25181396100603376,0.22908257769158633,0.3650543116223938,0.10142577425976375,0.03374990453009948,0.3244719327367402,0.2507098124354795,0.4487015384257277,0.029282455880001636,-0.0019713499048916194,-0.06964512566396706,0.3390157115074043,0.35990702842686834,0.1270308660758853,0.28043215735349764,-0.014994574711129149,0.04061708431678243,0.15508044601411988,-0.04353244714799195,-0.3284277401152051,0.3611534684340856,0.0742489894391066,0.3630888023702343
CZE,0.3462894946727472,0.043173625727587775,-0.017587995316392505,0.3662109890400924,0.457192727299754,-0.2474490880440697,0.08447112370524365,0.30668430406529307,0.40769927696826375,0.14255857034989367,0.08733393628898509,0.03795228980593019,1.0,0.36851831351904674,0.24412006467323616,-0.14086530826810012,0.4569632606863886,0.42537894326612624,0.6300410494416482,0.3407730760028643,0.2899147270367138,-0.05076283884197426,-0.29679456446718744,0.4616210574593226,0.06027642595673073,0.17935499736349705,0.4795229486802637,-0.05454076150022643,0.2760083060082568,0.3477003447779025,-0.0712292465726108,0.29049002143294267,0.4458805742882702,0.3322962024708864,-0.14821889734624624,-0.12510750347823205,0.026799438411514095,0.33869803083797856,0.23366311618908273,0.22987636697549563,0.42728643715729764,0.28704230346809007,0.006909874681696774,-0.04132390383239636,0.3133742780552083,-0.35490145445364973,0.15167752991161296,0.2148020929090972,0.1957539253364997,0.23032127458615936
DEU,0.22429294387160226,-0.1723024536985424,0.03448600343374351,0.3638328745940057,0.36527459893983943,-0.08401017729972964,0.09148346372009811,0.41099229900173606,0.45251205826224855,-0.04303639203448489,-0.09874235066565236,0.15365741932771854,0.36851831351904674,1.0,0.4290588721656157,-0.12390783684310229,0.12987645706796805,0.17592611640567465,0.31141041154476345,0.37009618548475454,0.031043215103317246,0.12449648564441478,-0.15903314889048348,0.3021592176519727,-0.06585383515979057,0.1435911186034748,0.07448585958546095,0.2822402655631384,-0.11170977910536577,0.2954637902827379,0.49608345067483334,0.10763096739300185,0.4470026842522783,0.38548780315241515,0.025103545742307415,0.08182847442488933,0.14957714181213608,0.3434313473563008,0.16952815511040595,-0.006518899116356101,0.28436913586584406,0.10765207140415406,0.19675818255885327,0.3948925666172603,0.4529557119106393,0.3227442565787209,0.055316068463545344,0.3803257259607264,-0.06767549254560522,0.16960372735825477
DNK,0.18507796219287256,0.007102942794019602,0.1941976475431171,0.08374900966054157,0.10224091336065641,-0.07804486452943969,0.24619422096664023,0.17562102858991474,0.1841547238000321,0.15564281884234635,0.23458781688778557,0.21027796422810982,0.24412006467323616,0.4290588721656157,1.0,0.2806473066582634,0.01174533278313905,0.20280864004503696,0.05228194258352786,0.21411870419206405,0.27014168917747056,0.05175094829361878,0.06301135622958828,0.10837401536628448,-0.027722758456302177,0.1346315537647508,0.02025703511419237,0.3415113781496642,0.03668001969425808,0.16651686562547016,0.203592449701411,0.07514446301323287,0.31762976719947417,0.1783471835245493,0.08814467522556228,-0.035753716808266535,0.1690974006009241,0.11046192984535694,0.04549300686437728,-0.057875436316191776,0.10099408159904037,0.05788457869537983,-0.0007150055369109621,0.21182197984268064,0.3293938686594048,0.19982767321292208,-0.021508298648542697,0.1999791218709657,-0.03711381750354995,0.1547570022124966
EGY,-0.09848080693501769,0.08149431158503588,0.3433736092298809,0.12974005139103828,-0.18953237001869336,0.18036631828305905,0.26566482285129667,-0.12837408679466014,0.051337719554630866,0.25537818217182334,0.1699369891226486,0.17372692534574222,-0.14086530826810012,-0.12390783684310229,0.2806473066582634,1.0,-0.3255475297693527,0.010803742410229385,-0.33873981291295985,-0.09943226316944656,0.026460940349326372,0.039925628465483046,0.351613833468859,-0.24108282354390975,0.04565727677988175,0.1111840346064222,-0.22845062576290986,0.3817744102412011,0.04714741519616499,-0.144654094070694,-0.04154861745856451,-0.1526922910057218,-0.08912912297427188,-0.06849296525435981,0.4212188182005066,0.0003322628812425699,0.17356895455359714,-0.3022899155086784,-0.06942141212900374,-0.1875801561734812,-0.22398567848513082,-0.1653210223930431,-0.3322367566894537,0.14632112210557086,0.039215130650868554,0.18868953534451013,-0.2948011017907433,0.061933934190634886,-0.11658801788410177,0.07200568606517108
ESP,0.37452942614432594,0.35826601881775594,0.14059711694105229,0.2462954486333837,0.35279555130838747,0.013867684422281645,0.16601687037813911,0.5033720413580978,0.25958660447735904,0.1846527411302769,0.1196420077810202,0.4066205831096103,0.4569632606863886,0.12987645706796805,0.01174533278313905,-0.3255475297693527,1.0,0.14033399042511668,0.561692265367856,0.5085349483338167,0.28068213498375666,0.1392926876968089,-0.22114397366938862,0.4666010785309413,0.41747964291909817,-0.031749651847901995,0.8337619449852076,-0.2758036764428771,0.30671823867604076,0.48090036337879094,-0.2028609121639359,0.07373481531420975,0.5200608769772631,0.38188911411788035,-0.09365319171904778,-0.058316936459693006,0.022620207126139182,0.09662878081685275,0.5615027992626087,0.6622258284842332,0.380369161383438,0.5361726221110914,0.12248234552392286,-0.27476539024835006,0.039313049238707244,-0.4903263894653682,0.11892776192439275,0.3081965572302943,0.47455978212201144,0.18738095607052085
FIN,0.09068659262000665,0.17002868468707047,0.13398827867098606,0.1188421942341347,0.21907473006267408,-0.029683445150892235,0.07769097820478366,0.06918985897056384,0.22976118249008745,0.29806258975986577,0.04762790038643351,0.04887215043524144,0.42537894326612624,0.17592611640567465,0.20280864004503696,0.010803742410229385,0.14033399042511668,1.0,0.22270896006371463,0.1326588245871672,0.12249205606813585,-0.07573253844519175,-0.03149173894634286,0.15920649417702473,-0.09859671157926538,0.1713074776872612,0.19194087190276407,-0.1686245049328654,0.1957186919136693,-0.0013184683204976722,-0.06570889553004096,0.07871142403103902,0.12589876563821756,0.3890713188481139,-0.12856153441540455,-0.03734792430492187,0.08787772275787395,0.12794391887447698,0.1563031614392164,0.09145126980399279,0.024381514316968275,0.24344399564424324,-0.11497487626999596,0.01703319437535117,0.4431789325146071,-0.27695034270596297,-0.10710888552783152,0.23298613977781887,-0.017589382760039154,0.3072426920921863
FRA,0.4633938159762824,0.03961463296695132,-0.20069075170655004,0.12920065691874863,0.5093016778235363,-0.1813372228951582,-0.001680731310535185,0.585166218479771,0.4002343804028881,0.009155745168818282,0.05519762142512148,0.05490955884856402,0.6300410494416482,0.31141041154476345,0.05228194258352786,-0.33873981291295985,0.561692265367856,0.22270896006371463,1.0,0.47480143015234005,0.11481463461891209,0.3024607123805183,-0.34364737422794334,0.6289398828516491,0.20857083232966486,-0.05312664403059869,0.49547919256110506,-0.04548234388362011,0.11994585890375183,0.6010472433360948,-0.06677049770748127,0.19645589501332686,0.5663850798712793,0.37132963678532677,-0.18222029638569764,0.26907426884230506,-0.02894735362343691,0.5036934372238634,0.23317366505118636,0.2441347019946339,0.6032080667206507,0.47736815945822025,0.40718500770387533,-0.1680257981676577,0.11515506591336348,-0.2697663305366557,0.3604389300602794,0.2722069917186818,0.1734593708209864,-0.006668283432631139
GBR,0.5201761507796143,0.03162063766506673,0.20349578040853772,0.3164449288605945,0.3935660310416205,0.08262423636398218,-0.03639180297577605,0.6916887232537654,0.2556006667288345,-0.08000542810573215,-0.051404975392300226,0.3287502117406561,0.3407730760028643,0.37009618548475454,0.21411870419206405,-0.09943226316944656,0.5085349483338167,0.1326588245871672,0.47480143015234005,1.0,0.049698478505180325,0.08123241063325166,-0.11103587672460094,0.618468906498903,0.41122591054887336,0.12913672900683915,0.47124807715170336,0.07312618651907343,0.10824176343018216,0.4632828887476805,-0.13732167950155327,-0.014774271113420305,0.6718330494553295,0.40823890692910575,-0.03149815310369658,0.26660980518394767,0.1325078327136386,0.2791658335768861,0.4370317626022974,0.39190902372010933,0.4375622191648114,0.37779888900525377,0.28472674678516396,-0.22620333100214698,0.1769918441293142,-0.2637857681501999,0.19959983354788968,0.3464302941479553,0.22384690230030815,0.05495442563113781
HKG,0.28387937615347025,0.5171034736519151,0.34496289734060664,0.12138788726316128,0.2651783238693614,-0.07587018426807046,0.6182968362890643,-0.025293397968527687,0.2253441793185103,0.4748934173930082,0.39815497201009015,0.33510394366526525,0.2899147270367138,0.031043215103317246,0.27014168917747056,0.026460940349326372,0.28068213498375666,0.12249205606813585,0.11481463461891209,0.049698478505180325,1.0,-0.05449875419185318,-0.049635511688446994,0.04099264198978625,0.057718140296621305,0.1318132425022979,0.22316832380598617,0.08151265886423201,0.5459739280406914,0.25463230233010187,0.08664429624331547,0.2053123468442752,0.26936153154537723,-0.00554467155079415,0.2157654745514077,-0.008496899292663063,0.2328017134245417,0.02443522005493498,0.09646590984252337,0.29979211076198464,0.11787161641753757,0.12587692949339016,-0.2568016194091096,0.1836371222682001,0.04536771671417917,-0.11149888561764817,-0.10403847237779518,0.23725213991344493,0.33986396874740005,0.489870120477416
IDN,0.08671113182364926,0.011005687810844178,-0.10113258277508577,-0.052248168040394234,0.18232836964621474,-0.14060311815432106,0.13654093277389923,0.35520707351292274,0.354896329517332,0.061376060632238806,-0.1426589492394527,0.14074410402245402,-0.05076283884197426,0.12449648564441478,0.05175094829361878,0.039925628465483046,0.1392926876968089,-0.07573253844519175,0.3024607123805183,0.08123241063325166,-0.05449875419185318,1.0,-0.04261934647739935,0.2797393128862772,-0.011773476677486048,-0.0029334299835006815,0.058127148212191046,0.12521021313515132,-0.0190283842595863,0.32949732773444546,0.10565950482254276,-0.043134926760169966,0.18713527956799755,0.1207325921892254,0.13534385722575631,0.3065138285795093,0.0063252724514168265,0.23039600744236433,0.06376462616773537,-0.020981512912862765,0.1930300091067136,0.11559981381644167,0.3951704793690594,-0.0927811865445116,-0.0059213433417071555,0.07106950338297412,0.2531029586704462,0.16294549372386666,-0.12921425407072068,-0.06302083159080327
IND,-0.14471106044475956,0.04655762865090446,0.3511730079926816,0.1372239893593909,-0.20645719906404258,0.2539402129283393,0.11246900413732183,-0.1626134122756006,0.01698340365769602,0.05345492713050077,0.09580891377896862,0.06524459558977408,-0.29679456446718744,-0.15903314889048348,0.06301135622958828,0.351613833468859,-0.22114397366938862,-0.03149173894634286,-0.34364737422794334,-0.11103587672460094,-0.049635511688446994,-0.04261934647739935,1.0,-0.37496050701852346,-0.040105641886573645,0.24792764195057612,-0.1896420383214831,0.10825713568258005,-0.007693037667418737,-0.25608481862000826,0.0007196569931023747,-0.28707632107437764,-0.26742686324604936,-0.14277256990851503,0.18056064110350434,-0.1268024897073854,0.1564581473158962,-0.4391538924070981,-0.14744666407493812,-0.169500927953112,-0.24568398506082614,-0.2757208305652322,-0.37545288675394856,0.05168453893987764,-0.035769864992385464,0.18948416697775478,-0.3824288836373981,0.048191585343153945,-0.10210328240199987,0.023406590075909395
IRL,0.5481149470495759,0.07335534242154251,-0.1790727181898723,0.1070082573418555,0.3826891716017135,-0.1466244585760268,0.0017828582039644627,0.6457207063955741,0.3824451472858626,-0.05029290584018347,0.0648201108946046,0.14125655442629723,0.4616210574593226,0.3021592176519727,0.10837401536628448,-0.24108282354390975,0.4666010785309413,0.15920649417702473,0.6289398828516491,0.618468906498903,0.04099264198978625,0.2797393128862772,-0.37496050701852346,1.0,0.21582620822081577,-0.04776604216462141,0.5314595879501071,0.003526188386326113,0.13379993781884264,0.6563166665416061,-0.10234927836084387,0.21290398462073012,0.5822644550986846,0.37584873867785396,-0.1771907397270178,0.280807455011342,0.12484622744343003,0.6294438368324291,0.34640765320189487,0.37883429702957544,0.6658437314623178,0.43220372683913144,0.5132120766187361,-0.3101156939606875,0.1390717545214197,-0.32312556755461835,0.417627435801795,0.23494110756649483,0.15217848050691093,-0.027960918690988306
IRN,0.2408195996665089,0.19825661706569067,0.16847396604077325,0.0662400494319772,-0.094613876103514,0.16475020553660513,-0.06874967269743801,0.3769631112709455,-0.03812339993703121,-0.010653891065751871,0.15737117886271706,0.18625951471181326,0.06027642595673073,-0.06585383515979057,-0.027722758456302177,0.04565727677988175,0.41747964291909817,-0.09859671157926538,0.20857083232966486,0.41122591054887336,0.057718140296621305,-0.011773476677486048,-0.040105641886573645,0.21582620822081577,1.0,-0.0580226136169351,0.2922738521483262,-0.07745615403498944,0.06002488861695851,0.3404134787540386,-0.37365414343108116,-0.2139234238927219,0.26073885030816574,0.2644939956809822,0.09392465643200956,0.15327993672173107,0.039626705191088483,-0.07067684394070127,0.33976090869224257,0.36568074490619956,0.12848995060784021,0.2654105058873694,0.011433663252838153,-0.4036074651275899,-0.12501206903666565,-0.32864851989081617,0.0355803467678295,0.3459867443702928,0.38203924522703825,-0.1290575510497003
ISR,0.07293346378409614,-0.007848028129344058,0.2604148150879713,0.2724806912916754,0.08318100159448644,-0.08495480224180485,0.23802345127463842,0.05558088727275459,0.20757265097645947,0.09209293610953571,-0.16043630353466976,0.0593835342719869,0.17935499736349705,0.1435911186034748,0.1346315537647508,0.1111840346064222,-0.031749651847901995,0.1713074776872612,-0.05312664403059869,0.12913672900683915,0.1318132425022979,-0.0029334299835006815,0.24792764195057612,-0.04776604216462141,-0.0580226136169351,1.0,0.0053678256239027555,0.07292908791320503,0.14739977558524506,0.0073703499830152265,0.060457453030776785,0.05996915772688539,0.03769157670104818,0.08833102778499911,0.1533416373295395,0.09573422039301775,0.10909489992367416,0.026853229716431212,-0.015804031529859913,-0.08647290811209823,0.09537026710428746,-0.10615071612222758,-0.2134440852102171,0.096574261906064,0.16067027294705155,0.07435738743561505,-0.03208796540756344,0.09909082313817323,0.09178202189583728,0.33236315654957105
ITA,0.39745882315318515,0.31787198349609713,0.15780882207150088,0.24568574375187946,0.2904952824592797,-0.06006627425207331,0.17436703750095817,0.4139064696802505,0.3078909993916819,0.1418599576891211,0.18084153004209683,0.32938531018763695,0.4795229486802637,0.07448585958546095,0.02025703511419237,-0.22845062576290986,0.8337619449852076,0.19194087190276407,0.49547919256110506,0.47124807715170336,0.22316832380598617,0.058127148212191046,-0.1896420383214831,0.5314595879501071,0.2922738521483262,0.0053678256239027555,1.0,-0.27747733622358994,0.41100558538641496,0.5031039313874399,-0.34259874265042617,0.14880963364918887,0.41713846487202333,0.35568958654891414,-0.13476468216777016,-0.12854889421487298,0.04826388475997346,0.160054215753619,0.6790594797954604,0.6407083814322011,0.40149504280590764,0.5493002107903617,0.06728305056374569,-0.3194369577858418,0.0183908931976807,-0.538946261153934,0.23183249774487258,0.1819826155111693,0.43112140933489707,0.1492954246692387
JPN,0.14580003192898291,-0.07512443490741673,0.175299965372074,-0.06299359031713729,0.01132411633981075,-0.11112819933187436,0.31070752444645866,0.12405175394788856,0.07768139449255475,0.03185312507152006,0.14200720053859747,0.25181396100603376,-0.05454076150022643,0.2822402655631384,0.3415113781496642,0.3817744102412011,-0.2758036764428771,-0.1686245049328654,-0.04548234388362011,0.07312618651907343,0.08151265886423201,0.12521021313515132,0.10825713568258005,0.003526188386326113,-0.07745615403498944,0.07292908791320503,-0.27747733622358994,1.0,-0.0639639445187466,0.15461070513825861,0.3623413193769122,0.18103572835808998,0.23593036532020586,-0.04539804554537601,0.5285676280606191,0.2671566517756228,0.14355753806635002,0.20342536425669192,-0.08567379632521269,-0.30532657516738504,0.16647276166889194,-0.01878916439223131,0.13289455766658692,0.20781549956745404,0.14969051449864362,0.4087873979064985,-0.11086561386056842,0.21589657656874023,-0.3125311128548652,0.12702859419712095
KOR,0.3460315007929975,0.5775270275862865,0.40834379985901414,0.20751537633377543,0.07869963565074198,-0.05613017683390269,0.6410961405977668,0.11180884621566105,0.31642043344656473,0.5573229026020369,0.2731189067868838,0.22908257769158633,0.2760083060082568,-0.11170977910536577,0.03668001969425808,0.04714741519616499,0.30671823867604076,0.1957186919136693,0.11994585890375183,0.10824176343018216,0.5459739280406914,-0.0190283842595863,-0.007693037667418737,0.13379993781884264,0.06002488861695851,0.14739977558524506,0.41100558538641496,-0.0639639445187466,1.0,0.18524586171664248,-0.1813929235998318,0.01341267079155424,0.11482652116348392,-0.054924523304214316,0.18896380337305405,-0.12704674694811302,0.4267129749195152,-0.07636121616980085,0.1054848400189721,0.457040555170525,0.1448929349081025,0.04691685997568681,-0.23272212423149022,-0.08252768633742402,-0.03341623004840798,-0.3523602016443604,-0.09935160702111015,0.20045451598893,0.4042397482043799,0.4230202557552589
MEX,0.5859303699815286,0.3483221955296735,0.05810279656260941,0.027783082353092545,0.2877114824919598,-0.06154239825873775,0.24978087381206007,0.6559535163559421,0.394472668795283,0.11466407056507945,0.2710895065698102,0.3650543116223938,0.3477003447779025,0.2954637902827379,0.16651686562547016,-0.144654094070694,0.48090036337879094,-0.0013184683204976722,0.6010472433360948,0.4632828887476805,0.25463230233010187,0.32949732773444546,-0.25608481862000826,0.6563166665416061,0.3404134787540386,0.0073703499830152265,0.5031039313874399,0.15461070513825861,0.18524586171664248,1.0,-0.09637835755589994,0.16228428810474912,0.5556469462026569,0.37845709854126824,0.1170731060450162,0.30060330988937045,0.10956180093506063,0.5406480395541997,0.31271733362244886,0.3164946538665551,0.6332912325975089,0.5045723534752857,0.3139024259286188,-0.18682075753140032,0.10588408653303209,-0.14005535959081536,0.3206571373043134,0.5293376869657775,0.13442338353051986,0.03819960953681484
MYS,-0.18326528510783224,-0.07261674316997418,0.004913153811737459,0.14121177638346624,0.04648415657277093,-0.06224969085531653,0.20145852216020513,-0.08303741464310868,0.20153479489048692,0.02499308673081567,-0.062374811473827854,0.10142577425976375,-0.0712292465726108,0.49608345067483334,0.203592449701411,-0.04154861745856451,-0.2028609121639359,-0.06570889553004096,-0.06677049770748127,-0.13732167950155327,0.08664429624331547,0.10565950482254276,0.0007196569931023747,-0.10234927836084387,-0.37365414343108116,0.060457453030776785,-0.34259874265042617,0.3623413193769122,-0.1813929235998318,-0.09637835755589994,1.0,0.23366851348360473,0.10374761709016665,-0.03583012611564793,0.22712362012914064,0.062254350627391604,0.07475164054059556,0.150271991196038,-0.21177454232824222,-0.24126635641802938,-0.04100033764232414,-0.18755067596300296,0.1379195238221954,0.6430717052870177,0.12077976204210625,0.7012147439157379,-0.22423204937642788,0.16528313516931417,-0.2753809711614539,0.22417979155756979
NGA,-0.008456831850858557,0.055642849763568356,-0.1148061819738184,-0.07166229690158966,0.13180848348585267,-0.38817862892300264,0.10188446412856253,-0.021504635396327455,0.09746414754378177,0.07363906854985434,0.029028731685754094,0.03374990453009948,0.29049002143294267,0.10763096739300185,0.07514446301323287,-0.1526922910057218,0.07373481531420975,0.07871142403103902,0.19645589501332686,-0.014774271113420305,0.2053123468442752,-0.043134926760169966,-0.28707632107437764,0.21290398462073012,-0.2139234238927219,0.05996915772688539,0.14880963364918887,0.18103572835808998,0.01341267079155424,0.16228428810474912,0.23366851348360473,1.0,0.16270127054711228,0.04960879934027768,-0.01188711973881712,-0.06435453986735355,-0.07146690703207445,0.45451858949893076,0.090554088285306,0.08548016384609679,0.3378408977130129,0.13282441570699957,0.15988099328686348,0.15196071419870164,0.1903704681888344,0.020544515647422726,0.05741929877105403,-0.03260220824148634,-0.0897695162658558,0.2956669845745429
NLD,0.4652326032157904,0.16755442368621623,0.16559293474073652,0.20818758743636137,0.46706363330744605,-0.008539846805255465,0.16169008822260492,0.5900511342931893,0.41682093259027725,0.05654064045677553,0.20046122971617497,0.3244719327367402,0.4458805742882702,0.4470026842522783,0.31762976719947417,-0.08912912297427188,0.5200608769772631,0.12589876563821756,0.5663850798712793,0.6718330494553295,0.26936153154537723,0.18713527956799755,-0.26742686324604936,0.5822644550986846,0.26073885030816574,0.03769157670104818,0.41713846487202333,0.23593036532020586,0.11482652116348392,0.5556469462026569,0.10374761709016665,0.16270127054711228,1.0,0.4287558069673387,0.13378934692137742,0.29772931527834634,0.12371684767817873,0.3832817992577729,0.37063974917114667,0.28481704179562717,0.4543458760737715,0.4439650333390915,0.330475558940878,0.03927231192343133,0.2301167983080127,-0.1000715251439747,0.13439434576524933,0.444652946091118,0.20304919112780434,0.25954302477620617
NOR,0.12419824866834099,0.11779689966261642,0.04992234917010937,0.14966001082602767,0.31956769511240246,0.031205440812601407,-0.03832300610090357,0.4272393470817569,0.22340434989792265,0.05194531852689853,0.12484087887918763,0.2507098124354795,0.3322962024708864,0.38548780315241515,0.1783471835245493,-0.06849296525435981,0.38188911411788035,0.3890713188481139,0.37132963678532677,0.40823890692910575,-0.00554467155079415,0.1207325921892254,-0.14277256990851503,0.37584873867785396,0.2644939956809822,0.08833102778499911,0.35568958654891414,-0.04539804554537601,-0.054924523304214316,0.37845709854126824,-0.03583012611564793,0.04960879934027768,0.4287558069673387,1.0,-0.036210108777824435,0.15547335189444178,0.0752619458416207,0.2879992469978018,0.370035115651121,0.21964165475598635,0.2976242323978653,0.32572728910416343,0.19407367398741618,-0.12480198894323609,0.2393257440558536,-0.1837470869948668,0.13852263790496264,0.35845357983264664,-0.010172533556662188,0.1240608705117978
NZL,0.06988377367055008,0.271831314922707,0.6041137169203445,0.08415684529579624,0.00648636086994121,0.07801237180367171,0.48303016315491176,0.031519879550202926,0.214049758520723,0.24832101161897557,0.09495211672102442,0.4487015384257277,-0.14821889734624624,0.025103545742307415,0.08814467522556228,0.4212188182005066,-0.09365319171904778,-0.12856153441540455,-0.18222029638569764,-0.03149815310369658,0.2157654745514077,0.13534385722575631,0.18056064110350434,-0.1771907397270178,0.09392465643200956,0.1533416373295395,-0.13476468216777016,0.5285676280606191,0.18896380337305405,0.1170731060450162,0.22712362012914064,-0.01188711973881712,0.13378934692137742,-0.036210108777824435,1.0,0.17456449607164606,0.18382815896587137,-0.13454360506269428,-0.04711489572719656,-0.02423851441581196,-0.039754288030945016,-0.07466592286048586,-0.2509410005065758,0.19298191128395595,0.032385653444814574,0.21628952534721213,-0.34172583815315166,0.4640852908547443,0.018477996623509643,0.3466123816999695
PAK,0.32984020348168114,0.0953478494229573,-0.15844160802054838,-0.2174750808274917,0.1326038936640038,-0.041723101343979455,0.07907213222166112,0.256355734145766,0.08206699176069247,0.08686581932804807,-0.005382264534965187,0.029282455880001636,-0.12510750347823205,0.08182847442488933,-0.035753716808266535,0.0003322628812425699,-0.058316936459693006,-0.03734792430492187,0.26907426884230506,0.26660980518394767,-0.008496899292663063,0.3065138285795093,-0.1268024897073854,0.280807455011342,0.15327993672173107,0.09573422039301775,-0.12854889421487298,0.2671566517756228,-0.12704674694811302,0.30060330988937045,0.062254350627391604,-0.06435453986735355,0.29772931527834634,0.15547335189444178,0.17456449607164606,1.0,0.11137913444176407,0.3677492988112846,0.007959852904937437,-0.02914528334172569,0.29023696405789695,0.22269208904707183,0.3212792336618385,-0.07876331091698208,0.05768537386034535,0.024438095353409597,0.2926447975650651,0.09992980118825855,-0.16310253606693648,-0.06531407603062889
PER,0.1430198653011901,0.2873052054099419,0.20849300676115645,0.22380302014846676,0.09017556352668679,0.14189002788697308,0.5225969895902277,0.21070744894970367,0.21137927750155266,0.4498826296562706,0.23636142488279271,-0.0019713499048916194,0.026799438411514095,0.14957714181213608,0.1690974006009241,0.17356895455359714,0.022620207126139182,0.08787772275787395,-0.02894735362343691,0.1325078327136386,0.2328017134245417,0.0063252724514168265,0.1564581473158962,0.12484622744343003,0.039626705191088483,0.10909489992367416,0.04826388475997346,0.14355753806635002,0.4267129749195152,0.10956180093506063,0.07475164054059556,-0.07146690703207445,0.12371684767817873,0.0752619458416207,0.18382815896587137,0.11137913444176407,1.0,0.05761370539171232,-0.027847756094359136,0.2227565210996263,0.17537932643628398,-0.04599070782682212,-0.006788222485048448,-0.020859995231769072,-0.08303587675896107,-0.09314259991538763,0.11938942997327823,0.19175398628841905,0.2576118639325365,0.16580478436458518
PHL,0.43299201351091027,-0.15605240897610217,-0.3792149762102765,-0.06383139580135368,0.28208159147482254,-0.38719995199869134,-0.013682427890490097,0.45668712655039895,0.243399462598025,-0.13496707774223649,0.05720445083223255,-0.06964512566396706,0.33869803083797856,0.3434313473563008,0.11046192984535694,-0.3022899155086784,0.09662878081685275,0.12794391887447698,0.5036934372238634,0.2791658335768861,0.02443522005493498,0.23039600744236433,-0.4391538924070981,0.6294438368324291,-0.07067684394070127,0.026853229716431212,0.160054215753619,0.20342536425669192,-0.07636121616980085,0.5406480395541997,0.150271991196038,0.45451858949893076,0.3832817992577729,0.2879992469978018,-0.13454360506269428,0.3677492988112846,0.05761370539171232,1.0,0.10432133148807032,0.018285192131118542,0.6977682661430291,0.32152709944071894,0.6371081882415214,-0.1567948688328161,0.1980159647114493,-0.0042162049965035475,0.5753932349643406,0.048799565191385175,-0.12052783745304135,-0.030755256283864937
POL,0.18420391737791145,0.15101222257154578,0.14913087735781544,0.26402191680492015,0.17806048681034736,-0.04211125838679421,0.05731121972818552,0.3461000863458803,0.19186177781974006,0.03115180645815319,0.0767922926423864,0.3390157115074043,0.23366311618908273,0.16952815511040595,0.04549300686437728,-0.06942141212900374,0.5615027992626087,0.1563031614392164,0.23317366505118636,0.4370317626022974,0.09646590984252337,0.06376462616773537,-0.14744666407493812,0.34640765320189487,0.33976090869224257,-0.015804031529859913,0.6790594797954604,-0.08567379632521269,0.1054848400189721,0.31271733362244886,-0.21177454232824222,0.090554088285306,0.37063974917114667,0.370035115651121,-0.04711489572719656,0.007959852904937437,-0.027847756094359136,0.10432133148807032,1.0,0.3519205428712024,0.24572401987977122,0.3944787027237659,0.15521160245622634,-0.27469806779372213,0.1305213669287637,-0.24735024165924263,0.14495695307976772,0.14600665823699963,0.2611194158350067,0.06716884792955902
PRT,0.35395643996909437,0.46927091705235846,0.20043042404587058,0.20302723964752942,0.14159881752214187,0.035861114274262446,0.22498970392747067,0.3502824749596847,0.22274335074083873,0.26747265718063595,0.10325199113885453,0.35990702842686834,0.22987636697549563,-0.006518899116356101,-0.057875436316191776,-0.1875801561734812,0.6622258284842332,0.09145126980399279,0.2441347019946339,0.39190902372010933,0.29979211076198464,-0.020981512912862765,-0.169500927953112,0.37883429702957544,0.36568074490619956,-0.08647290811209823,0.6407083814322011,-0.30532657516738504,0.457040555170525,0.3164946538665551,-0.24126635641802938,0.08548016384609679,0.28481704179562717,0.21964165475598635,-0.02423851441581196,-0.02914528334172569,0.2227565210996263,0.018285192131118542,0.3519205428712024,1.0,0.22923144443573684,0.35701649405895836,-0.0168028896845642,-0.275293891912577,-0.06338783158372259,-0.48330489091211176,0.021023943886348557,0.13551209907639503,0.4728440081676182,0.15898034173542377
