ARE,ARG,AUS,AUT,BEL,BGD,BRA,CAN,CHE,CHL,CHN,COL,CZE,DEU,DNK,EGY,ESP,FIN,FRA,GBR,HKG,IDN,IND,IRL,IRN,ISR,ITA,JPN,KOR,MEX,MYS,NGA,NLD,NOR,NZL,PAK,PER,PHL,POL,PRT,ROU,RUS,SAU,SGP,SWE,THA,TUR,USA,VNM,ZAF
1.0,0.11082646358222642,0.21607715993051463,0.06372744613274267,0.14086607133181794,0.14667632312258308,0.03998575643946938,0.14524141743911959,0.017205041910208756,0.08701739578838026,-0.10042279891209974,-0.041189343472303776,-0.03537237320046548,0.053309109965262926,0.0858433183310243,0.20165938395918492,0.1331902921963105,0.009943214201246551,0.13906612973977694,0.1660420829356601,0.22775798025020882,0.22302855544830605,-0.017613189814257392,0.19873353381640138,0.0373638130273788,0.0577812772722433,0.030117044172641806,-0.09533415197247114,-0.07621959289635007,0.176435403643552,0.2545104939919321,-0.061491777133100264,0.13158613413226222,-0.03593360248872782,0.19314688105129926,0.18745261799376936,0.185387613581862,0.0799074460626513,-0.031182772148283102,0.12264005190290996,-0.09673207624615165,-0.21032062571262605,0.11917330299815351,0.10047861383958255,-0.07663298159480161,-0.07530296782873848,0.08957421924724032,-0.0914563336265968,-0.02004264661262995,0.12803141289562908
0.11082646358222642,1.0,0.5367249198306112,0.2883575867512204,0.41484812609517213,-0.12164257010376951,0.3862533455411216,0.43195154176728867,0.28589849258403865,0.47373922619021197,0.06878884714844949,0.31940391100601434,0.10820172171268166,0.39433803195595224,0.17546436633628235,-0.06710765399358891,0.44568995740774503,-0.0032288269067845374,0.4878383091806338,0.4647461336624954,-0.08314481862647816,0.02646733068538007,-0.15708687509043523,0.48660690811817225,0.003423748250241104,0.07778702737620326,0.43995188977745014,-0.004736916778807442,0.005844751408240739,0.44677108232519297,-0.02550144062675498,0.33501639710633646,0.3161039897738238,0.2213631593236075,0.4668450888485818,0.05660807804156074,0.17153635676615614,0.29559976978244906,0.23860426903088316,0.4350139035822923,-0.12024267001828708,0.15893919593238745,-0.16959305638750177,0.21962536437681582,0.035158442866115545,0.2272660897545068,0.1212200953538275,0.2212917089370158,-0.10694452637993822,0.4365866622974471
0.21607715993051463,0.5367249198306112,1.0,0.15491366221829672,0.5161790772432193,0.015488096524720347,0.27216336779312,0.6418472735872942,0.30378531262181246,0.45981949773797814,-0.005994887863422846,0.2733768876780929,0.28918760944853694,0.33657811839391333,0.19872283387040954,0.11801740797802338,0.6457732591185252,0.07108696894138891,0.657219366488423,0.8057471173799006,0.2662388059493999,0.05202765394910263,-0.03518958299254674,0.8459174752786458,0.10086559042520982,-0.015853646993129446,0.4748074775436828,0.0657054473246924,0.15326365313398072,0.5460676147430574,0.007208284222514754,0.2822583150540681,0.3920238493559583,0.2258007707994225,0.8479888109722296,0.11283112696343892,0.4130655693080395,0.4486994906543479,0.1091950323287615,0.5659374752355214,0.11267551473598196,-0.045038131609268714,-0.10710318853841201,0.30730516193113844,0.044469994647828755,0.09031087202288231,-0.030086933133742208,0.34286886121597143,0.05511228559780183,0.8353055139322546
0.06372744613274267,0.2883575867512204,0.15491366221829672,1.0,0.5510691779117503,-0.16809278625442486,-0.023350518312564402,0.41402944726658225,0.6464559831197694,0.1831412133799302,0.08199853843402788,0.2510876882893491,0.3409441708156028,0.6576160028646938,0.29766566304127934,-0.3193866706011511,0.48014645770125247,0.2046536759750238,0.5167697863336785,0.4123006962955488,-0.06214005840331997,-0.13721587381229794,-0.11354038553114823,0.33541999700205605,0.18021950336715936,0.2349168095784242,0.6151445790735484,0.2438613296107671,0.01947970002155081,0.41392782476087153,-0.3216416715689513,0.16950044482110113,0.385214630084717,0.18368966469611947,0.1718880518942964,-0.05602790148572618,0.009742162050603647,-0.10183876246910036,-0.03454278525644225,0.43102056347660084,0.39923489395563927,-0.015935643164075926,-0.026996009828365693,0.08058987249562763,0.31643430122414534,0.19206113544091488,-0.10845475940499844,0.2853027435558644,-0.08556856005651262,0.16871729090555224
0.14086607133181794,0.41484812609517213,0.5161790772432193,0.5510691779117503,1.0,-0.15846885469333016,0.002284569958619657,0.6623693889660895,0.7298738333137211,0.3747810896732661,0.13939015450000605,0.2488897023594593,0.47812028172642423,0.673927149760692,0.41065824465585427,-0.34567492038855335,0.7379030128802371,0.15007873149082537,0.8482477787975174,0.7440851406042401,0.0071691537209629215,-0.01421888047461224,-0.265539702395527,0.7091811041428407,0.2347288729746905,0.2258458167253198,0.741760241187884,0.2515621570244733,0.0483918402779236,0.6403901759310341,-0.20503232347737507,0.2624404872273388,0.5645370110731174,0.1547337297597574,0.5800925772599853,-0.08007649720326776,0.23664972492307232,0.05373055245452865,0.10434907956273143,0.6935365356784301,0.3731149378000626,0.13833284707952054,-0.02643424891080602,0.18433324472679272,0.4173788929629342,0.29790064846166026,0.015640564101587876,0.349990933497297,-0.1577624599178994,0.5616769440826923
0.14667632312258308,-0.12164257010376951,0.015488096524720347,-0.16809278625442486,-0.15846885469333016,1.0,-0.19132133422836092,-0.06344505339625427,-0.2054943269388367,-0.023282339294269958,0.04239401055444258,-0.07219707682537947,-0.0001992724666880008,-0.17968850925137272,-0.05547591642287383,0.15207378074315475,-0.06478425357242877,-0.07737800542651038,-0.12479407179908818,-0.03265585401569878,0.18907737086286794,0.12034120917960303,0.26475755861144146,-0.028611053894942503,0.014824752168714957,-0.04568023537856448,-0.18190385662667524,-0.009184482978021389,0.041761102679568014,-0.17095984743715023,0.19262522935153617,-0.03689772953967363,-0.005479850974919952,-0.062475756973994705,0.013574390200005606,0.11994187455452221,-0.023626289485258585,0.02821744327063199,-0.09404991075212135,-0.12255152190352354,0.032121069920658434,-0.0909043641788142,-0.13173012829419073,0.10198627301133979,-0.06602291716024329,-0.11083367340039108,0.053358351336611126,0.03516777486635104,0.09349044053330378,-0.018180149967728144
0.03998575643946938,0.3862533455411216,0.27216336779312,-0.023350518312564402,0.002284569958619657,-0.19132133422836092,1.0,-0.03737927520447981,-0.0641601838774245,0.12591055947241753,-0.006116755222579077,0.2111441699499209,-0.14237124325750145,0.10059487618713918,0.01488161921815991,0.11175164348905478,-0.023100682644185137,0.0985083796430338,0.029043386558178393,0.06700396579612934,-0.19631455533082676,0.09139840595612317,-0.290951024911044,0.13076570545591554,-0.3764861375077593,-0.05047223254233765,0.008854484520619332,-0.11322458642848691,-0.09854678597929173,0.20592461381112015,0.06175088528686933,0.14965211633543196,-0.07873094312748277,0.015729558002619628,0.1455192551706626,0.03061494692024621,0.05378198716455848,0.20210781566249714,0.3391181994560166,0.09306817611863547,-0.4199457306822964,0.10705598513831427,-0.12993353447758804,0.1001708603531261,-0.016665811274982956,0.15852180730415258,0.08771357739008627,-0.03934673185046195,-0.1724575311024529,0.27514515034471076
0.14524141743911959,0.43195154176728867,0.6418472735872942,0.41402944726658225,0.6623693889660895,-0.06344505339625427,-0.03737927520447981,1.0,0.5704183622448394,0.3753971815501653,0.04684647239036085,0.3276409720511179,0.4122671250296608,0.43485750055996847,0.3709627657742157,-0.22213853477663004,0.7231336628832261,0.18745007008261524,0.7825799537248451,0.8401017874365542,0.14741733521260922,-0.08072885922453232,-0.045158366198764434,0.8128468959304571,0.3109938147258568,0.2647015074826443,0.6819954085169768,0.13562894948188012,0.02705697441590539,0.614524601084513,-0.2156723633428249,0.1443398311889173,0.4933364960837602,0.2991002749868447,0.6867954914273812,0.055198147144430505,0.33825026903243066,0.2414511936357983,-0.0023408188496918812,0.6593141449523784,0.33304168367205095,0.032395863083848744,-0.03846338761476381,0.20106524112361368,0.3535737397009741,0.11221046861153561,0.005794092135048704,0.3824261738921475,-0.0379150594183982,0.6443271608985351
0.017205041910208756,0.28589849258403865,0.30378531262181246,0.6464559831197694,0.7298738333137211,-0.2054943269388367,-0.0641601838774245,0.5704183622448394,1.0,0.24960479899907306,0.00987422315572693,0.18509936304058755,0.40408331426706756,0.6728142168492283,0.3708391997261335,-0.3103820240897442,0.666584699982294,0.2513641987879341,0.7606576191531464,0.6210672726440738,-0.03692558805910675,-0.11360760441425198,-0.24595208234784707,0.5246431838109055,0.2366930986001747,0.21427807991298375,0.7674158365993178,0.21550555481193667,-0.06418757667792184,0.6388795835587125,-0.22931856189032157,0.11961285387859427,0.5160627343000559,0.20613347407827204,0.3389580540355242,-0.0823577950481178,0.13056805318960157,-0.10457884503824291,-0.12687001137728177,0.6564571970471516,0.41277290456436655,0.11429247709832853,-0.04723778147402708,0.07080476575620777,0.4014598392293075,0.18611705170330425,-0.11433866496462283,0.34679367032114505,-0.22802578303948395,0.33850557267569636
0.08701739578838026,0.47373922619021197,0.45981949773797814,0.1831412133799302,0.3747810896732661,-0.023282339294269958,0.12591055947241753,0.3753971815501653,0.24960479899907306,1.0,-0.10246899081660724,0.33963777932821554,0.2881989885827175,0.3750708479573524,0.12172698128853697,-0.0832951976063721,0.4303067797846021,0.04136086101508525,0.4409110042312668,0.4572490845907454,0.12853217963941832,-0.00539986795920151,0.01807793163426614,0.4615461394467148,0.1934897858075034,0.05615405737959711,0.44173727653190564,0.2937192692198879,0.22052771886293757,0.2819969312308659,0.018392733271002496,0.24027161778196884,0.3446556470297265,0.1285159562047683,0.40739750730996654,-0.03358313117408724,0.17059971321919182,0.16603022048422972,0.18567329570664495,0.41753286099799836,0.15200404827362599,0.10709661117321831,-0.10548787611426381,0.1435062471543229,0.04721245774373826,0.008768144954551395,0.03601521942958479,0.2021271414493984,0.16763608018065188,0.4580839390002823
-0.10042279891209974,0.06878884714844949,-0.005994887863422846,0.08199853843402788,0.13939015450000605,0.04239401055444258,-0.006116755222579077,0.04684647239036085,0.00987422315572693,-0.10246899081660724,1.0,0.11537182222653405,0.05077120522677727,0.16887748903193942,-0.03334836802053271,-0.1810634585243007,-0.05486842001456258,-0.11101784886957272,0.04402894936984385,-0.039674221165271764,-0.05988578558554256,-0.03917621501958318,-0.1889797296752567,-0.049516183547655114,-0.03028727301033978,0.0008657244341178245,0.11448071142808074,0.3052742314010129,0.1805776640694668,-0.03864333255924208,-0.16473331940873726,0.07907653033525697,0.03271309725438129,-0.15253816267226605,0.019123221712410883,-0.021206716600666836,-0.03675547592929004,-0.08857766384880332,0.019596642200525084,-0.03821839467830103,0.10233657880469794,0.05929726946694823,-0.2546171905528841,0.15607670865220497,0.08844734206776547,0.013993549022514477,-0.17609797612880718,-0.08489950378010268,0.19741283440120555,0.02327305992976915
-0.041189343472303776,0.31940391100601434,0.2733768876780929,0.2510876882893491,0.2488897023594593,-0.07219707682537947,0.2111441699499209,0.3276409720511179,0.18509936304058755,0.33963777932821554,0.11537182222653405,1.0,0.2898354555744254,0.22257271171658669,0.1999720792651039,-0.20416298610299932,0.3284396147791079,0.13153810681031025,0.2811799329782946,0.28075712988969576,0.09142686546778347,-0.059323986242222564,-0.010594718505800366,0.2736839369684979,-0.024981524320711178,0.22833263843903026,0.3483790638689368,0.1823866457293578,0.12778763590981426,0.29586879713709147,-0.2090337710689138,0.13305571381371342,0.041750234118513384,0.16827452163106457,0.2877667022507678,-0.10454261087653015,0.15998968183125972,0.19866124845287114,0.32203826659311147,0.3328492084766596,0.15792458676263071,0.07156344153644431,-0.3022471159909416,0.17838317740220017,0.275684749058249,0.08606358439298081,0.06543983139038594,0.05469401809684411,-0.003753066926391899,0.29745359402092686
-0.03537237320046548,0.10820172171268166,0.28918760944853694,0.3409441708156028,0.47812028172642423,-0.0001992724666880008,-0.14237124325750145,0.4122671250296608,0.40408331426706756,0.2881989885827175,0.05077120522677727,0.2898354555744254,1.0,0.33595661100210455,0.19010556829467296,-0.27055543906161833,0.5320152958815715,0.14100257198127053,0.4679830139882375,0.478076942756393,0.24367051414423832,-0.07244916362545067,0.030976136262378485,0.43351658880785815,0.11368091838316867,0.23863219790277856,0.5930271684621868,0.5680557503300048,0.3054892869887016,0.34526444290857067,-0.326831029366742,0.2398778844896822,0.2719710044152729,0.06029388426875319,0.3055940907374471,-0.19891936488328327,0.19439333470871084,0.14613269910798046,0.08161229346713061,0.5261126009959697,0.47583646940971464,0.06512481046554508,-0.22739322305584694,0.21220500841103623,0.1755770740067127,0.1480027357749345,-0.06914462300868006,0.29482555433976987,0.3975815941728453,0.41067936499833557
0.053309109965262926,0.39433803195595224,0.33657811839391333,0.6576160028646938,0.673927149760692,-0.17968850925137272,0.10059487618713918,0.43485750055996847,0.6728142168492283,0.3750708479573524,0.16887748903193942,0.22257271171658669,0.33595661100210455,1.0,0.2434019971961729,-0.20551710101057655,0.5305724412985112,0.08592046315970105,0.6864891767639993,0.4750493104224383,-0.052088584172561764,-0.004668297659015717,-0.3644653422269135,0.43185981268309326,0.24517483812667082,0.1788568390708397,0.7227733645129369,0.43948316390178743,0.0869897373491467,0.3713318392608042,-0.12315157041065845,0.2458681996379231,0.6799571736180547,-0.004122515537815565,0.31746380758300724,-0.07898438736796973,0.09527588965696022,-0.22584262467344046,-0.01831270386481888,0.4738808533922783,0.3573049961011827,0.07367828461131119,0.006182730923207643,0.07202271590994296,0.2586564755262501,0.056194657806063704,-0.23001960072261488,0.254984087441502,-0.047630182068079535,0.2890962900394265
0.0858433183310243,0.17546436633628235,0.19872283387040954,0.29766566304127934,0.41065824465585427,-0.05547591642287383,0.01488161921815991,0.3709627657742157,0.3708391997261335,0.12172698128853697,-0.03334836802053271,0.1999720792651039,0.19010556829467296,0.2434019971961729,1.0,-0.29601279583569495,0.40235804963923205,0.1855035629091778,0.43745026552795774,0.39359250534447265,-0.04790688431436289,0.09737812528138523,-0.017526167767517455,0.3607149299195303,0.03382262693301601,0.17066098320689072,0.36191045309862596,0.059785001240014374,0.040880126991537584,0.39030766923665305,-0.05321830103517089,0.19024303815802282,0.2549888233937284,0.2847736611467353,0.26167054257873906,0.05827062852767725,0.07664934196858628,0.020823600868349473,0.16376593893448077,0.331827314182592,0.09694998819738707,0.1139638033275436,-0.050539514157315335,0.1631771460649477,0.22510968293997452,0.2264559240953605,0.06797109117066898,0.21008313912302817,-0.2035098035301935,0.31677402233766433
0.20165938395918492,-0.06710765399358891,0.11801740797802338,-0.3193866706011511,-0.34567492038855335,0.15207378074315475,0.11175164348905478,-0.22213853477663004,-0.3103820240897442,-0.0832951976063721,-0.1810634585243007,-0.20416298610299932,-0.27055543906161833,-0.20551710101057655,-0.29601279583569495,1.0,-0.19502840704636523,0.001004760969575575,-0.31257210540350583,-0.180950770006659,0.1374732020755665,0.1645665408539617,0.1636074362637235,-0.15007722424363978,0.12600342275777118,-0.13569965868643125,-0.3352661734315235,-0.1484683559836172,-0.11490017996644811,-0.15082874597059104,0.5457612513607392,-0.09434978574615685,-0.07698335225511363,-0.1734482573533213,0.026803642536773656,0.42501247155570915,0.1282414789892163,0.25127596448448863,-0.26833031258027884,-0.2384430727089608,-0.3333505144624969,-0.3597080842458938,0.37095856975548136,0.05690784721311082,-0.2359557062626381,-0.27007335251468845,-0.31283766312875755,-0.13939209283661552,0.17089084275281713,-0.028954588377746178
0.1331902921963105,0.44568995740774503,0.6457732591185252,0.48014645770125247,0.7379030128802371,-0.06478425357242877,-0.023100682644185137,0.7231336628832261,0.666584699982294,0.4303067797846021,-0.05486842001456258,0.3284396147791079,0.5320152958815715,0.5305724412985112,0.40235804963923205,-0.19502840704636523,1.0,0.20991449983569582,0.8856401558508084,0.8790934121836004,0.14308642636144706,-0.03443997842170433,-0.06069656206637271,0.8270845026622403,0.36683250825885,0.16226661152976501,0.8231057702136051,0.1821311449066072,0.06700174404955896,0.7863218698487644,-0.20469955953478217,0.3050775521949942,0.4369915683716396,0.1970712810588197,0.7078807225745366,-0.1180164792641868,0.3374139529325973,0.3780221325344533,0.024540969704610036,0.8745809675180977,0.4615703044504071,0.03271215240507431,-0.08113721118703163,0.2080770280562614,0.3431866341872454,0.20119680309647958,-0.01183634704221497,0.5257624920944043,-0.09527376247603046,0.6320386489783374
0.009943214201246551,-0.0032288269067845374,0.07108696894138891,0.2046536759750238,0.15007873149082537,-0.07737800542651038,0.0985083796430338,0.18745007008261524,0.2513641987879341,0.04136086101508525,-0.11101784886957272,0.13153810681031025,0.14100257198127053,0.08592046315970105,0.1855035629091778,0.001004760969575575,0.20991449983569582,1.0,0.19855753247957567,0.2041758643258898,-0.09809648945255758,-0.16529244111541622,0.003525455479761631,0.167974611703478,0.06005758022648823,0.020952477231686324,0.1779152232489768,0.004682657613169462,-0.12893063123967155,0.29015705911495293,-0.08825718166168393,0.1062560562293199,-0.015686374685108553,0.04751244228919801,0.12680952834683004,-0.03516758444112127,0.08923988457877571,0.14051861309175012,-0.051441486585615835,0.20321721384755873,0.08519845371081394,-0.05441911765678346,-0.13244242797521336,0.09254757080547833,0.10585450400432991,0.10264152446278076,-0.0017103748023787333,0.12542908333774727,-0.14038642098420978,0.13336679216200129
0.13906612973977694,0.4878383091806338,0.657219366488423,0.5167697863336785,0.8482477787975174,-0.12479407179908818,0.029043386558178393,0.7825799537248451,0.7606576191531464,0.4409110042312668,0.04402894936984385,0.2811799329782946,0.4679830139882375,0.6864891767639993,0.43745026552795774,-0.31257210540350583,0.8856401558508084,0.19855753247957567,1.0,0.8765543673835735,0.09307173734851096,-0.02583206527694758,-0.22965308693476905,0.8377046726824421,0.3296291663335503,0.13528018239026404,0.856058174152552,0.19995158316213113,0.0130388977712401,0.7063882764504454,-0.20189359005666108,0.30460752725243545,0.6109597810178294,0.23530084250207234,0.7042932213527932,-0.08763960978914993,0.2715361563800277,0.14699891550855593,0.015052557412158055,0.8310985829162991,0.41147753096045925,0.10437360374510246,-0.07904076838622871,0.1989066469391339,0.32833802874538714,0.18519141935619224,-0.005152469811993732,0.44305721991190994,-0.17969242218329035,0.6342952988068726
0.1660420829356601,0.4647461336624954,0.8057471173799006,0.4123006962955488,0.7440851406042401,-0.03265585401569878,0.06700396579612934,0.8401017874365542,0.6210672726440738,0.4572490845907454,-0.039674221165271764,0.28075712988969576,0.478076942756393,0.4750493104224383,0.39359250534447265,-0.180950770006659,0.8790934121836004,0.2041758643258898,0.8765543673835735,1.0,0.16829031466380995,-0.05251039753515075,-0.0319664091010362,0.9734618963373264,0.24640888382424542,0.15759383481253653,0.7209348438023626,0.11974289186427196,0.02926078052022271,0.735195639989864,-0.19904977888933897,0.28687564581071295,0.5073994391022504,0.27262103037079877,0.819118554368431,-0.009919410362747101,0.3493368672693958,0.31270070561710933,0.022650362907256024,0.7705523833893332,0.3749881997367892,0.08280923674213095,-0.10222609889715344,0.2714101635233611,0.3078020754450199,0.20489485369267119,0.038177800828854226,0.46835154534057294,-0.07971882356843127,0.7856342540532247
0.22775798025020882,-0.08314481862647816,0.2662388059493999,-0.06214005840331997,0.0071691537209629215,0.18907737086286794,-0.19631455533082676,0.14741733521260922,-0.03692558805910675,0.12853217963941832,-0.05988578558554256,0.09142686546778347,0.24367051414423832,-0.052088584172561764,-0.04790688431436289,0.1374732020755665,0.14308642636144706,-0.09809648945255758,0.09307173734851096,0.16829031466380995,1.0,0.05464760794029824,0.20037248677521022,0.1823073058095808,0.14225693097938485,-0.12064076869955036,0.07102476177458988,0.2453831948682248,0.29556197232160447,-0.08129338259339883,0.0412697978337507,0.05015555267794571,0.0215750740964093,-0.06786748573653094,0.23636081873641368,0.06868689968288275,0.036531951896456076,0.08916914831138138,-0.18035887768235948,0.12768710448341455,0.20743139939777175,-0.2645122530323137,-0.04674773980228036,0.14973224413077924,-0.05298632734741991,-0.27286963594394503,-0.18814086855199516,0.08787740314592686,0.4094649110647375,0.1647270458737943
0.22302855544830605,0.02646733068538007,0.05202765394910263,-0.13721587381229794,-0.01421888047461224,0.12034120917960303,0.09139840595612317,-0.08072885922453232,-0.11360760441425198,-0.00539986795920151,-0.03917621501958318,-0.059323986242222564,-0.07244916362545067,-0.004668297659015717,0.09737812528138523,0.1645665408539617,-0.03443997842170433,-0.16529244111541622,-0.02583206527694758,-0.05251039753515075,0.05464760794029824,1.0,-0.02259586540307507,-0.022444048393185496,-0.0851610907687994,0.021199663822599895,-0.07925741360593502,-0.024134049965880724,-0.017416623763228892,-0.0865483290347818,0.5617141232852105,0.09255838758510508,0.13474544319863183,-0.11656922355396895,-0.06155232445698496,0.1172008359771479,0.23316814895880744,-0.054382454777044745,0.22576615723477061,0.016034517529705094,-0.1049193047139671,0.0044430942006843605,0.245751637003513,0.0027812401239128343,-0.01038199729501336,0.05856376283777108,-0.028250467402681986,-0.05900646164257212,-0.034347418823664086,0.10395824307810697
-0.017613189814257392,-0.15708687509043523,-0.03518958299254674,-0.11354038553114823,-0.265539702395527,0.26475755861144146,-0.290951024911044,-0.045158366198764434,-0.24595208234784707,0.01807793163426614,-0.1889797296752567,-0.010594718505800366,0.030976136262378485,-0.3644653422269135,-0.017526167767517455,0.1636074362637235,-0.06069656206637271,0.003525455479761631,-0.22965308693476905,-0.0319664091010362,0.20037248677521022,-0.02259586540307507,1.0,-0.029297046245096495,0.046243617252952104,-0.0007483954794283657,-0.15429758508752606,-0.1664017289669696,0.07277710135038283,-0.0859969769375849,0.024464525041547117,-0.08252596336302749,-0.2461073384618951,0.11190281006870074,0.020814741417993145,0.019496401130188162,0.1781888079531544,0.19657223524233555,-0.019593143618047405,-0.09279264040120704,0.12529487518876797,-0.25201027018507116,0.037578815550330436,-0.029700837635943774,-0.08526066017341825,-0.05328768163465273,0.0947789796532605,0.09362910608969839,0.2624704665268397,-0.04436962317869022
0.19873353381640138,0.48660690811817225,0.8459174752786458,0.33541999700205605,0.7091811041428407,-0.028611053894942503,0.13076570545591554,0.8128468959304571,0.5246431838109055,0.4615461394467148,-0.049516183547655114,0.2736839369684979,0.43351658880785815,0.43185981268309326,0.3607149299195303,-0.15007722424363978,0.8270845026622403,0.167974611703478,0.8377046726824421,0.9734618963373264,0.1823073058095808,-0.022444048393185496,-0.029297046245096495,1.0,0.1824737772661261,0.10671863066411692,0.6630504813581232,0.09572389569918167,0.04386768268069005,0.7050831623600662,-0.1498054012933483,0.31601274558672354,0.47672081852199744,0.27341823702379314,0.8383774944842444,-0.0012987271265468918,0.3786149925396298,0.33127159790614913,0.06358509485240134,0.7288223458148456,0.3036849650921338,0.0734880083977715,-0.11658657603543751,0.2807324217001791,0.23853292684806143,0.17559186714491679,0.04547514503154386,0.43565811922081316,-0.042720038761126795,0.8133113798715879
0.0373638130273788,0.003423748250241104,0.10086559042520982,0.18021950336715936,0.2347288729746905,0.014824752168714957,-0.3764861375077593,0.3109938147258568,0.2366930986001747,0.1934897858075034,-0.03028727301033978,-0.024981524320711178,0.11368091838316867,0.24517483812667082,0.03382262693301601,0.12600342275777118,0.36683250825885,0.06005758022648823,0.3296291663335503,0.24640888382424542,0.14225693097938485,-0.0851610907687994,0.046243617252952104,0.1824737772661261,1.0,0.09500331684467138,0.3192990604215003,0.2584382703156315,0.08427830949061378,0.005654849970916225,0.05300793227305541,-0.11330341211165026,0.30678478058633785,-0.12067051831784302,0.24360011298383935,0.018745500774789765,-0.09446997815411848,0.059538962633004046,-0.25577177084345154,0.2018028904174805,0.3989663446116926,-0.06217783742262209,0.19452498844492175,0.019721199389500878,0.10107324004197367,-0.07286834335827799,-0.19403562776525604,0.3008784268323669,0.07258034641736628,0.04324612948097815
0.0577812772722433,0.07778702737620326,-0.015853646993129446,0.2349168095784242,0.2258458167253198,-0.04568023537856448,-0.05047223254233765,0.2647015074826443,0.21427807991298375,0.05615405737959711,0.0008657244341178245,0.22833263843903026,0.23863219790277856,0.1788568390708397,0.17066098320689072,-0.13569965868643125,0.16226661152976501,0.020952477231686324,0.13528018239026404,0.15759383481253653,-0.12064076869955036,0.021199663822599895,-0.0007483954794283657,0.10671863066411692,0.09500331684467138,1.0,0.2268333358465966,0.17701706622269195,0.015863594614945166,0.125365535553814,-0.07188465404154347,-0.009474690898389728,0.13347673335165078,-0.04852991236145216,0.06396395899387167,0.0073784480176292706,0.07343135831572081,-0.07406846349039016,0.12149774616733358,0.12153964784484945,0.2206913149127861,0.1769449849680116,0.03275631936778522,-0.0673873707525626,0.2627325079174245,0.2218319771254285,0.12763017277303218,0.04283640432870261,-0.042926410155033255,0.05196886821099881
0.030117044172641806,0.43995188977745014,0.4748074775436828,0.6151445790735484,0.741760241187884,-0.18190385662667524,0.008854484520619332,0.6819954085169768,0.7674158365993178,0.44173727653190564,0.11448071142808074,0.3483790638689368,0.5930271684621868,0.7227733645129369,0.36191045309862596,-0.3352661734315235,0.8231057702136051,0.1779152232489768,0.856058174152552,0.7209348438023626,0.07102476177458988,-0.07925741360593502,-0.15429758508752606,0.6630504813581232,0.3192990604215003,0.2268333358465966,1.0,0.46315046035172475,0.1755144889627379,0.6378226044412657,-0.3162645848874019,0.2722666426963214,0.5053674945047619,0.11547971320923658,0.5256215751246407,-0.15182363858606746,0.2371116555049159,0.1270780842313812,0.002158169832507636,0.8142661212766792,0.4959745922809061,0.0845952517112625,-0.153273580027338,0.18448541325736764,0.3332775278856485,0.10483121820394645,-0.1262585030051247,0.44206695188463563,0.06429138556716568,0.4890683241425659
-0.09533415197247114,-0.004736916778807442,0.0657054473246924,0.2438613296107671,0.2515621570244733,-0.009184482978021389,-0.11322458642848691,0.13562894948188012,0.21550555481193667,0.2937192692198879,0.3052742314010129,0.1823866457293578,0.5680557503300048,0.43948316390178743,0.059785001240014374,-0.1484683559836172,0.1821311449066072,0.004682657613169462,0.19995158316213113,0.11974289186427196,0.2453831948682248,-0.024134049965880724,-0.1664017289669696,0.09572389569918167,0.2584382703156315,0.17701706622269195,0.46315046035172475,1.0,0.5349086411224084,-0.07830223822923686,-0.14813370360131303,0.24659363710157303,0.3280519692313407,-0.27398987294112603,0.09300999120921183,-0.13753766944423013,-0.04222411679513228,-0.23290883406706508,-0.08676964300938185,0.16571558555743546,0.4128745763703911,0.07979266751526928,-0.20801133902641122,0.21225632863883515,0.008079175550255835,-0.11882817095402816,-0.37949541492857225,0.14975075501748178,0.6139403395685563,0.14808962254982944
-0.07621959289635007,0.005844751408240739,0.15326365313398072,0.01947970002155081,0.0483918402779236,0.041761102679568014,-0.09854678597929173,0.02705697441590539,-0.06418757667792184,0.22052771886293757,0.1805776640694668,0.12778763590981426,0.3054892869887016,0.0869897373491467,0.040880126991537584,-0.11490017996644811,0.06700174404955896,-0.12893063123967155,0.0130388977712401,0.02926078052022271,0.29556197232160447,-0.017416623763228892,0.07277710135038283,0.04386768268069005,0.08427830949061378,0.015863594614945166,0.1755144889627379,0.5349086411224084,1.0,-0.13475301242050203,-0.1253507153534873,0.10870262486398923,0.03396667100480837,-0.047909936802563745,0.14499006441530105,-0.2194775618316218,-0.0003689026165264052,-0.024918828434192786,0.19382027372589142,0.07256058124199062,0.2884581519628678,-0.09979627234242008,-0.16393199431740346,0.07904340120463918,-0.08211870243683346,0.05408212924335344,-0.1786077280986657,0.13910225472931684,0.48678067681154497,0.21543518686227614
0.176435403643552,0.44677108232519297,0.5460676147430574,0.41392782476087153,0.6403901759310341,-0.17095984743715023,0.20592461381112015,0.614524601084513,0.6388795835587125,0.2819969312308659,-0.03864333255924208,0.29586879713709147,0.34526444290857067,0.3713318392608042,0.39030766923665305,-0.15082874597059104,0.7863218698487644,0.29015705911495293,0.7063882764504454,0.735195639989864,-0.08129338259339883,-0.0865483290347818,-0.0859969769375849,0.7050831623600662,0.005654849970916225,0.125365535553814,0.6378226044412657,-0.07830223822923686,-0.13475301242050203,1.0,-0.19527996664524036,0.2707580746188163,0.24548290564004766,0.2964084054834958,0.5728377254233569,-0.02817023067639292,0.3615303152800096,0.36312437690983146,0.0750165878328051,0.7592635686139693,0.18412074440787596,0.06110573623025949,-0.09300266103768579,0.19641361392505952,0.33652801891692463,0.3027854565040996,0.13959320705396308,0.3677849965568911,-0.2897969756661214,0.5554063581580373
0.2545104939919321,-0.02550144062675498,0.007208284222514754,-0.3216416715689513,-0.20503232347737507,0.19262522935153617,0.06175088528686933,-0.2156723633428249,-0.22931856189032157,0.018392733271002496,-0.16473331940873726,-0.2090337710689138,-0.326831029366742,-0.12315157041065845,-0.05321830103517089,0.5457612513607392,-0.20469955953478217,-0.08825718166168393,-0.20189359005666108,-0.19904977888933897,0.0412697978337507,0.5617141232852105,0.024464525041547117,-0.1498054012933483,0.05300793227305541,-0.07188465404154347,-0.3162645848874019,-0.14813370360131303,-0.1253507153534873,-0.19527996664524036,1.0,0.01710048893111777,0.047578572693878274,-0.11297937800595531,-0.07323842244827605,0.3470533981892582,0.16377796453663737,-0.048068354900784094,-0.07399385695172274,-0.200727548941141,-0.3537962760659805,-0.1343015599316373,0.45083847806104316,0.03285291727490573,-0.23973158926862662,-0.11606922645447312,-0.06311683710156574,-0.15153356863229175,-0.0604880799120708,-0.02519347346621894
-0.061491777133100264,0.33501639710633646,0.2822583150540681,0.16950044482110113,0.2624404872273388,-0.03689772953967363,0.14965211633543196,0.1443398311889173,0.11961285387859427,0.24027161778196884,0.07907653033525697,0.13305571381371342,0.2398778844896822,0.2458681996379231,0.19024303815802282,-0.09434978574615685,0.3050775521949942,0.1062560562293199,0.30460752725243545,0.28687564581071295,0.05015555267794571,0.09255838758510508,-0.08252596336302749,0.31601274558672354,-0.11330341211165026,-0.009474690898389728,0.2722666426963214,0.24659363710157303,0.10870262486398923,0.2707580746188163,0.01710048893111777,1.0,0.1866527764857928,0.08829077152249828,0.2516967412597438,-0.16449413309301103,0.17156556169084194,0.1516518548785374,-0.05568696408631539,0.29377497265743213,0.15598779361174137,0.13690849387362578,-0.07762513165637151,0.17818557199461432,-0.029789130184086625,0.26384353286166146,-0.1283577674214737,0.217674931822602,0.0912132659408791,0.33070246603620246
0.13158613413226222,0.3161039897738238,0.3920238493559583,0.385214630084717,0.5645370110731174,-0.005479850974919952,-0.07873094312748277,0.4933364960837602,0.5160627343000559,0.3446556470297265,0.03271309725438129,0.041750234118513384,0.2719710044152729,0.6799571736180547,0.2549888233937284,-0.07698335225511363,0.4369915683716396,-0.015686374685108553,0.6109597810178294,0.5073994391022504,0.0215750740964093,0.13474544319863183,-0.2461073384618951,0.47672081852199744,0.30678478058633785,0.13347673335165078,0.5053674945047619,0.3280519692313407,0.03396667100480837,0.24548290564004766,0.047578572693878274,0.1866527764857928,1.0,0.0019898064960770217,0.41743052090799476,0.09072029465801636,0.21182155841854738,-0.225258703404507,-0.038742112495339084,0.36782301495975017,0.19142927943719637,0.06899569059841493,0.13321223499957074,0.07172415162380225,0.1809409916797715,0.05396599739158836,-0.14890196437050068,0.22833727360986406,0.0014794813423622524,0.3640485687163212
-0.03593360248872782,0.2213631593236075,0.2258007707994225,0.18368966469611947,0.1547337297597574,-0.062475756973994705,0.015729558002619628,0.2991002749868447,0.20613347407827204,0.1285159562047683,-0.15253816267226605,0.16827452163106457,0.06029388426875319,-0.004122515537815565,0.2847736611467353,-0.1734482573533213,0.1970712810588197,0.04751244228919801,0.23530084250207234,0.27262103037079877,-0.06786748573653094,-0.11656922355396895,0.11190281006870074,0.27341823702379314,-0.12067051831784302,-0.04852991236145216,0.11547971320923658,-0.27398987294112603,-0.047909936802563745,0.2964084054834958,-0.11297937800595531,0.08829077152249828,0.0019898064960770217,1.0,0.17339386519702846,-0.07434798152938285,0.07419276189848786,0.18607634771111206,0.09398371334499103,0.20412781364318686,-0.030876019230368926,-0.04539569177346476,-0.054575392466285115,0.08251741694757629,0.09041858801053052,0.1565881929537865,0.1341503321038219,0.13448603979015636,-0.24888184916486863,0.20065099421946753
0.19314688105129926,0.4668450888485818,0.8479888109722296,0.1718880518942964,0.5800925772599853,0.013574390200005606,0.1455192551706626,0.6867954914273812,0.3389580540355242,0.40739750730996654,0.019123221712410883,0.2877667022507678,0.3055940907374471,0.31746380758300724,0.26167054257873906,0.026803642536773656,0.7078807225745366,0.12680952834683004,0.7042932213527932,0.819118554368431,0.23636081873641368,-0.06155232445698496,0.020814741417993145,0.8383774944842444,0.24360011298383935,0.06396395899387167,0.5256215751246407,0.09300999120921183,0.14499006441530105,0.5728377254233569,-0.07323842244827605,0.2516967412597438,0.41743052090799476,0.17339386519702846,1.0,0.00590348563082982,0.37318096629108266,0.41131671753704807,0.14521889909752916,0.6313159996607016,0.19636562198569887,-0.040680670057386716,-0.06137315123870362,0.2999424681882621,0.16660541774628582,0.14049462735554188,-0.024916020574189488,0.3608506100691797,0.014401970474801833,0.7677287877332069
0.18745261799376936,0.05660807804156074,0.11283112696343892,-0.05602790148572618,-0.08007649720326776,0.11994187455452221,0.03061494692024621,0.055198147144430505,-0.0823577950481178,-0.03358313117408724,-0.021206716600666836,-0.10454261087653015,-0.19891936488328327,-0.07898438736796973,0.05827062852767725,0.42501247155570915,-0.1180164792641868,-0.03516758444112127,-0.08763960978914993,-0.009919410362747101,0.06868689968288275,0.1172008359771479,0.019496401130188162,-0.0012987271265468918,0.018745500774789765,0.0073784480176292706,-0.15182363858606746,-0.13753766944423013,-0.2194775618316218,-0.02817023067639292,0.3470533981892582,-0.16449413309301103,0.09072029465801636,-0.07434798152938285,0.00590348563082982,1.0,0.08506038662308352,-0.005511356135031436,-0.12118403067142698,-0.1577510664498889,-0.3003493008025217,-0.21420722994127045,0.1365351858056284,0.17892888224830386,-0.1922641724403766,-0.2561320577397189,-0.10580345428749464,-0.018982841352952366,0.08252164079081488,-0.05082429489593864
0.185387613581862,0.17153635676615614,0.4130655693080395,0.009742162050603647,0.23664972492307232,-0.023626289485258585,0.05378198716455848,0.33825026903243066,0.13056805318960157,0.17059971321919182,-0.03675547592929004,0.15998968183125972,0.19439333470871084,0.09527588965696022,0.07664934196858628,0.1282414789892163,0.3374139529325973,0.08923988457877571,0.2715361563800277,0.3493368672693958,0.036531951896456076,0.23316814895880744,0.1781888079531544,0.3786149925396298,-0.09446997815411848,0.07343135831572081,0.2371116555049159,-0.04222411679513228,-0.0003689026165264052,0.3615303152800096,0.16377796453663737,0.17156556169084194,0.21182155841854738,0.07419276189848786,0.37318096629108266,0.08506038662308352,1.0,0.2909716443302323,0.13244851613771386,0.33694236861084037,0.05378631994165268,-0.15905802062263275,0.030350141506007025,0.14135291860578938,0.01928735027331254,0.06508073021422901,0.103341224349,0.12194203693074174,0.0537411725907049,0.30069139939725825
0.0799074460626513,0.29559976978244906,0.4486994906543479,-0.10183876246910036,0.05373055245452865,0.02821744327063199,0.20210781566249714,0.2414511936357983,-0.10457884503824291,0.16603022048422972,-0.08857766384880332,0.19866124845287114,0.14613269910798046,-0.22584262467344046,0.020823600868349473,0.25127596448448863,0.3780221325344533,0.14051861309175012,0.14699891550855593,0.31270070561710933,0.08916914831138138,-0.054382454777044745,0.19657223524233555,0.33127159790614913,0.059538962633004046,-0.07406846349039016,0.1270780842313812,-0.23290883406706508,-0.024918828434192786,0.36312437690983146,-0.048068354900784094,0.1516518548785374,-0.225258703404507,0.18607634771111206,0.41131671753704807,-0.005511356135031436,0.2909716443302323,1.0,0.09321532698169674,0.3810509106377598,-0.1047291510910039,-0.20628866505585572,-0.10161996757000949,0.199215573194617,0.045767634771393506,0.13245545541332235,0.003955310855862793,0.192476070650514,0.07624072969227196,0.4031233449966895
-0.031182772148283102,0.23860426903088316,0.1091950323287615,-0.03454278525644225,0.10434907956273143,-0.09404991075212135,0.3391181994560166,-0.0023408188496918812,-0.12687001137728177,0.18567329570664495,0.019596642200525084,0.32203826659311147,0.08161229346713061,-0.01831270386481888,0.16376593893448077,-0.26833031258027884,0.024540969704610036,-0.051441486585615835,0.015052557412158055,0.022650362907256024,-0.18035887768235948,0.22576615723477061,-0.019593143618047405,0.06358509485240134,-0.25577177084345154,0.12149774616733358,0.002158169832507636,-0.08676964300938185,0.19382027372589142,0.0750165878328051,-0.07399385695172274,-0.05568696408631539,-0.038742112495339084,0.09398371334499103,0.14521889909752916,-0.12118403067142698,0.13244851613771386,0.09321532698169674,1.0,0.09897625350686991,-0.11124214378411083,0.04054736651654254,-0.16450834295491443,0.023070635747518692,0.07917185396723557,0.3011660128712309,0.337293400825314,-0.03530900913092732,-0.07930049587713281,0.18432154574633514
0.12264005190290996,0.4350139035822923,0.5659374752355214,0.43102056347660084,0.6935365356784301,-0.12255152190352354,0.09306817611863547,0.6593141449523784,0.6564571970471516,0.41753286099799836,-0.03821839467830103,0.3328492084766596,0.5261126009959697,0.4738808533922783,0.331827314182592,-0.2384430727089608,0.8745809675180977,0.20321721384755873,0.8310985829162991,0.7705523833893332,0.12768710448341455,0.016034517529705094,-0.09279264040120704,0.7288223458148456,0.2018028904174805,0.12153964784484945,0.8142661212766792,0.16571558555743546,0.07256058124199062,0.7592635686139693,-0.200727548941141,0.29377497265743213,0.36782301495975017,0.20412781364318686,0.6313159996607016,-0.1577510664498889,0.33694236861084037,0.3810509106377598,0.09897625350686991,1.0,0.3520214952896331,-0.03142259481863012,-0.11543323255034633,0.15194994772296092,0.3253116357577598,0.25082159107553664,0.028300461324341348,0.4146886645653179,-0.08806177466206867,0.6031320184706938
