,ARE,ARG,AUS,AUT,BEL,BGD,BRA,CAN,CHE,CHL,CHN,COL,CZE,DEU,DNK,EGY,ESP,FIN,FRA,GBR,HKG,IDN,IND,IRL,IRN,ISR,ITA,JPN,KOR,MEX,MYS,NGA,NLD,NOR,NZL,PAK,PER,PHL,POL,PRT,ROU,RUS,SAU,SGP,SWE,THA,TUR,USA,VNM,ZAF
ARE,1.0,-0.08163173621662953,-0.007748718919783315,-0.048684256002162314,0.039722362253253714,0.02836146239389377,-0.015931108753627684,0.05742714103939403,-0.04415366762321351,0.05374611460112855,-0.16336143425506203,0.1732342777095276,-0.02349967253568247,-0.06054831482645423,0.07737614129021952,0.07406036951977472,-0.08395824723671472,-0.1131775559987647,0.16194198125487427,0.1211467290467707,-0.09373302608845357,0.07143217538300982,0.20397324682998905,0.1299310996080565,0.03930395623812691,0.117626174194787,-0.08434239260814112,0.10799916649549045,-0.04771584659738862,0.1447232183576951,0.022379028020007928,0.13856751525341737,-0.07084352028645426,0.0540642389436694,-0.0498250751305255,0.19408943038172535,0.05435376947260377,0.07540212451446368,0.03273909831889215,0.056609295601603,0.07298060436243713,0.1833373482953139,-0.006022866882102527,0.3811692402666332,-0.0008434669263318919,0.019359392057157768,0.09665574314016347,0.004783171246620427,0.07887136769095651,0.1987061582713244
ARG,-0.08163173621662953,1.0,0.14710887234294895,-0.14658270875950546,-0.093639290730256,0.06867946830671678,0.138176709879738,-0.18616304600074446,0.013880359994943808,0.25367697184907484,0.06682739929410572,0.2513044486157841,-0.06530174509717493,-0.2622759293539162,-0.15719900178022717,0.014123424439259208,0.19493822917255915,-0.15549717299868285,-0.0671597182276074,-0.2441356038337824,-0.009603744679911074,-0.13178848460740974,-0.0047836270297264595,-0.24197491475709065,0.2730635249478173,-0.05304180585406848,-0.24146432130669082,-0.06429952042498199,0.1685563943680038,0.12531206905678222,-0.18909057145575964,0.02404068124720865,0.04930297330305238,-0.08747972713781198,0.08078676846073354,-0.22691879607572402,0.17494665653386626,-0.16627162470141282,0.016879094591573274,0.26373058886720024,0.1191868850073997,-0.09132785587515871,0.09562061642506722,0.04897313959275828,-0.2491909983353375,-0.3344907959172762,0.04001167034202663,-0.2006731355680513,-0.08906077259495844,0.14897906463134306
AUS,-0.007748718919783315,0.14710887234294895,1.0,-0.09934953729907524,0.19346578125510366,0.0499583318122924,0.046458375230028194,0.42950488566865336,0.025330497256580913,0.291371656038234,-0.07794392738929008,-0.05903744941983165,0.029663624516269426,0.1114971417506286,0.06917609495589595,0.05901857064900403,0.32991130006071356,0.06857768235557578,-0.040500818135448945,0.4444451362655832,0.000327850238682916,0.018253136266261117,0.3785460461781392,0.23574741620665926,0.28111556445096886,0.1779025752424842,0.2616841976378954,-0.3041550896666216,0.243612163340263,0.16130171939339227,0.0747000816040503,-0.11464716501104044,0.3892143405568213,0.1645296447632223,0.5394090011155004,0.11204568773018124,0.0941821179061506,-0.1461884887669895,0.2401311026746702,0.20517851429478123,0.09277530683205025,0.15333639981581865,-0.09251104279661591,0.22360925533892512,-0.021003394542757466,-0.20176654661664126,0.013949713918993266,0.5084952077579603,0.07931102053449428,0.23622401405952562
AUT,-0.048684256002162314,-0.14658270875950546,-0.09934953729907524,1.0,-0.0278108190291452,-0.03473915162088712,-0.038155855295645254,0.26551680041779296,0.23135093593983108,0.021213785867051457,-0.13356131423489737,-0.10622182913685115,0.1154779091688037,0.4275154365375789,0.27430986092192466,0.09684889444576875,0.06315249130611782,0.18707420883747972,0.21888898657726386,0.22879012928800668,0.3363352224129662,-0.07497724593682299,0.04335989899653922,0.32183447528543935,-0.07454173693992382,-0.01668639165627366,0.2656835610754599,0.23563028381679085,-0.18162324591811738,0.14735550093086708,-0.08785953981223713,-0.025322412140816816,0.08469384518524645,-0.10719366727553767,-0.1487016715601084,0.14848549749641668,-0.12485227108109495,0.13893552602412912,-0.03324600821833037,0.08391249332133836,0.1251624644096191,0.18082366089283167,0.004297102559575403,-0.12271710175069883,0.06100773920399722,0.11557863335021794,0.21398036979167778,0.29464197435948186,0.06655049863729932,0.08909120856614917
BEL,0.039722362253253714,-0.093639290730256,0.19346578125510366,-0.0278108190291452,1.0,-0.16566415143128366,-0.0699491557148268,0.1572804226091283,0.318531941296303,0.06922042866508948,-0.242852950645302,-0.08371169798576356,0.25344604158926914,0.2801735854591884,0.16825496369847398,0.09290628982315942,0.11107398864768635,0.2508737268704506,0.48142627610049477,0.3064725050203635,0.19681241067610455,-0.2420475914435742,-0.08827064747884111,0.27762446222594056,0.1368014962755932,0.10323366705209852,0.35383958773733887,-0.07067322082601775,0.02484327262352069,0.3028938587880579,-0.07741128333296576,0.17294128979637516,0.3610088356636185,0.0976870416069964,0.3250109283888414,0.03969387455949653,-0.07353350783170239,0.0216498689397037,0.27891284982465264,0.06955517199648481,0.3076727264658945,0.23467473631350516,0.02649448390852651,0.09376064622489794,0.07564712015079252,-0.2572586630732133,0.09851582615565842,0.11180649477642797,-0.07671030191240737,0.10533815755241635
BGD,0.02836146239389377,0.06867946830671678,0.0499583318122924,-0.03473915162088712,-0.16566415143128366,1.0,0.13490392939646187,-0.23957626648825067,-0.19378055566116767,0.2147241292958761,0.05498440287262619,-0.005601687950166395,-0.12728409525401496,-0.10811243819740099,-0.11152747962208773,-0.1482573756855954,-0.16722782140591747,-0.24403974110877374,-0.3483645278948903,-0.26441039255369175,-0.08134413525731884,-0.09954188538382683,0.17366888168808783,-0.20975677606405901,0.03521367183618647,-0.06938406172061533,-0.04490138799615177,-0.06097456487714425,0.13474803765198318,-0.141978634552335,0.09876721711640034,-0.2804702482641794,-0.02319631950231994,-0.06363663165951614,-0.0420711881899604,0.11115062649036794,-0.03692784824188055,-0.23210762274281094,-0.013497918631967771,0.20186535520086776,-0.021455482833838524,-0.19127913403252014,-0.2517292142673565,0.357396117593528,-0.02501926226181429,-0.09994722033531235,-0.10957117279497043,-0.10243347793677263,0.09621684946778723,0.07197306956835643
BRA,-0.015931108753627684,0.138176709879738,0.046458375230028194,-0.038155855295645254,-0.0699491557148268,0.13490392939646187,1.0,-0.2575578122137576,-0.05964858616082081,0.0855914446331303,0.04405719949203721,0.16166829563060325,-0.16348474933970963,-0.03424359266123772,0.08882964945523548,0.11537384277084789,-0.10533507513620712,-0.11040446152043236,-0.15599904964985517,-0.15926993860526004,0.11477983923192117,0.19285374454587154,0.12683095790224527,-0.10911601110396175,0.09618379268588093,-0.10374706100833653,-0.16117661521128873,-0.03509942709795759,-0.044739694892087595,-0.036463621435845486,0.028808754727478326,-0.020899691541102897,-0.013381924115758252,-0.07905025954260929,-0.11073732222306214,-0.10137245165068455,0.05074436372542697,-0.07224791646148848,0.18358369767351046,0.055526150856951645,-0.07575565800659138,0.059150917917533595,-0.14814400641672307,-0.14543630683218045,0.0875673726285851,0.05016203259101992,0.062075123180650484,-0.22925825020323584,0.09818904585463412,-0.021854371371096356
CAN,0.05742714103939403,-0.18616304600074446,0.42950488566865336,0.26551680041779296,0.1572804226091283,-0.23957626648825067,-0.2575578122137576,1.0,0.2549157836626232,-0.07239268904322718,-0.24139730982215288,-0.18447540857663508,0.344425528871421,0.40121283837368693,0.332230296027782,0.24555660471122503,0.22428196811665502,0.14385357936145654,0.4851234996772912,0.7552126910394583,0.17753135075507612,0.043751434005843935,0.04859791063803287,0.6507937925121771,-0.004131056327468483,0.15727401255188608,0.4193047896679624,0.20711714254567104,-0.03226977729050845,0.38551861717212665,0.13296735084747208,0.025501137405351197,0.41532168565735605,0.3939905176448743,0.2546152675113065,0.12098911961538074,-0.009581713064452862,0.4593643539035468,0.23073734593494757,0.06240839980243685,0.2560011381774276,0.40610479004428734,-0.05560216000529034,0.1287936546785427,-0.04542393824953569,0.08763118595323285,0.3053716579211762,0.8712233563775826,-0.0038447664413058386,0.07325544832205004
CHE,-0.04415366762321351,0.013880359994943808,0.025330497256580913,0.23135093593983108,0.318531941296303,-0.19378055566116767,-0.05964858616082081,0.2549157836626232,1.0,-0.0391313851031652,-0.20776453802671585,0.0570653942849579,0.2270601733353107,0.1693554136045825,0.20509525633188982,0.31894390487387025,0.1049941332391989,0.03612987828631244,0.35174582684080524,0.3308552783024935,0.23935052507533858,-0.007957651562242443,-0.11334152613649498,0.4270924145438717,0.021287596664442625,-0.12105776281543146,0.1733437295652922,0.2500711246580991,-0.04295967601550703,0.2439906923544843,-0.16725390559929867,0.01599147715009744,0.2686226408670267,0.2077662069817596,0.18083393514222373,-0.0926816117176853,-0.1448107536809985,0.14027963627988638,0.08141802238055086,0.16914218878883217,0.18744246906496426,0.28298588713409434,0.0301080289077844,0.027590102753940925,-0.044014734901591544,-0.061151099420767185,0.22019242856565238,0.19205878142364302,-0.09280274506812043,-0.020937865820600282
CHL,0.05374611460112855,0.25367697184907484,0.291371656038234,0.021213785867051457,0.06922042866508948,0.2147241292958761,0.0855914446331303,-0.07239268904322718,-0.0391313851031652,1.0,-0.1070926870843147,0.2281234806935377,-0.27266512985752883,-0.03293129345708442,-0.05222612382565494,0.0010407706700889018,0.16638426279878693,-0.22290285969780932,-0.2140113257648305,-0.07404101189083816,-0.06970797530522022,-0.13012485398687354,0.3142276111545216,-0.03656024412649144,0.2817098400938526,-0.027862287486112948,-0.08506766648908005,-0.18530448337282007,0.21342348957007673,0.028177500043932994,-0.06756402218572605,-0.21576134818506565,0.04785678959933174,-0.002996055966639625,0.18787804687547924,0.10498085437381655,0.16030081453091227,-0.2688845326221005,0.09930567437476838,0.012440480701868904,-0.022334417474506978,-0.05090095603714577,-0.03666165616424812,0.130246383671,-0.17135918830366273,-0.34134031070234083,-0.005168569490612233,-0.06940253390745033,0.1955975677702752,0.2737333704060003
CHN,-0.16336143425506203,0.06682739929410572,-0.07794392738929008,-0.13356131423489737,-0.242852950645302,0.05498440287262619,0.04405719949203721,-0.24139730982215288,-0.20776453802671585,-0.1070926870843147,1.0,0.0035756257091658895,-0.17805857432321467,-0.14210478760426998,-0.21508475879095165,-0.0894825468708439,-0.10782431779983172,0.2642194081616006,-0.22767824548585008,-0.20817373410481743,-0.038331417356144364,-0.0496761575111297,-0.11333444380920284,-0.13634728406633218,0.00035384815282722806,-0.10657823651035236,-0.09204790473468381,-0.0646410387146457,-0.03486349912129651,-0.11423151027978583,0.048570078466065786,-0.18482323674537735,-0.16993872636408908,-0.19968189798259345,-0.09367754138048469,-0.14398333169446598,-0.024688749038705705,-0.10530385295615516,-0.09838866394895483,-0.012962176527342946,-0.10422289542427618,-0.15210867773866912,0.018222300753234395,0.09793132965228515,-0.1021219065364513,0.049178806555681846,-0.26528363067367877,-0.17270765077154515,-0.18268066371346492,-0.11978299791640916
COL,0.1732342777095276,0.2513044486157841,-0.05903744941983165,-0.10622182913685115,-0.08371169798576356,-0.005601687950166395,0.16166829563060325,-0.18447540857663508,0.0570653942849579,0.2281234806935377,0.0035756257091658895,1.0,-0.23330428473128328,-0.2047486454179085,-0.1413008162988167,0.24543994081816486,-0.13888251812941046,-0.09284680295969411,0.0440548305369066,-0.19414111332606826,-0.09227377433440775,0.17362086133720162,0.03549511953086069,-0.19683120231719273,0.1570390392599349,-0.07889834347623521,-0.35657817350160265,0.04526050387073905,0.14049108028702245,0.28538836394943334,0.07010248959429162,0.1042358708516062,-0.18097450754094346,0.0788844469056169,-0.09029826913430342,0.1353676603792973,0.2654355545092765,0.04386086335751047,-0.06619051773661827,-0.21386415977652926,-0.07238911728649307,0.07444065061012974,-0.05129906721411994,-0.14962194273501184,-0.09017199983389701,-0.1339124433326523,-0.023168257106339088,-0.26207015754059093,0.141304356328045,-0.0033074734306944727
CZE,-0.02349967253568247,-0.06530174509717493,0.029663624516269426,0.1154779091688037,0.25344604158926914,-0.12728409525401496,-0.16348474933970963,0.344425528871421,0.2270601733353107,-0.27266512985752883,-0.17805857432321467,-0.23330428473128328,1.0,0.15639307836765787,0.25903985559295106,0.1311861245361665,0.03976543022357517,0.20837795552432353,0.354223898685103,0.2964942732560038,0.05705315707892343,-0.06620081687376698,-0.3171765904585356,0.38929762943185997,-0.12569967810268842,-0.04790948697304001,0.28643338497807036,0.28572327358701055,-0.015285541920300086,0.09573233619953699,-0.08737209608260027,0.19181980573710739,0.3521052752100259,0.13276346326363148,0.10731264293750718,-0.007483007066794686,0.02953308793882487,0.367666188110037,0.22743536853438626,0.1250949948593589,0.2421646596988819,0.21347611905208708,-0.08039844907954118,-0.031546423533990196,-0.034601467833911895,0.014795626912750473,0.0907302020179761,0.22334378006477076,-0.15379041362297532,-0.2095860940971625
DEU,-0.06054831482645423,-0.2622759293539162,0.1114971417506286,0.4275154365375789,0.2801735854591884,-0.10811243819740099,-0.03424359266123772,0.40121283837368693,0.1693554136045825,-0.03293129345708442,-0.14210478760426998,-0.2047486454179085,0.15639307836765787,1.0,0.34106700974444865,0.13417040535035515,0.11900181195317189,0.20927545319803242,0.3227201307177434,0.2946740600515952,0.19654006819662304,-0.15414966947936987,-0.03355737460049969,0.3358366981184719,-0.007360402527675247,0.28862317425025585,0.5071721743687191,0.04001607420690621,-0.1356941263987523,0.10904578226921652,0.040734386302620974,0.036716679668187986,0.3363505854319346,0.3670359087748444,-0.008100232533793616,0.09588120744528296,-0.20392860780274738,0.08208693489121235,0.20702093185833897,-0.06323703562745732,0.22517833476626403,0.30874934331390225,0.09839044109454277,-0.072414705965468,0.16908609421538137,-0.014836444581463494,0.22131435295499377,0.3965199742415196,0.006363304963713295,-0.06913121947976007
DNK,0.07737614129021952,-0.15719900178022717,0.06917609495589595,0.27430986092192466,0.16825496369847398,-0.11152747962208773,0.08882964945523548,0.332230296027782,0.20509525633188982,-0.05222612382565494,-0.21508475879095165,-0.1413008162988167,0.25903985559295106,0.34106700974444865,1.0,0.07659468821101804,0.07675957324858337,-0.018997875999549958,0.30138208344248013,0.23087881431368681,0.258725359113187,0.12081884658005304,-0.09435020486038848,0.3096789754291374,-0.06853568408806412,0.024893328332746056,0.22570080950053745,0.17751909710580513,-0.08940583739100301,0.1833169010224514,0.030168282270928815,-0.019153247237058305,0.2801399683874293,0.3226663549857054,-0.024141202028417852,0.18527586900658113,0.10297817419817364,0.2947929805959507,0.2712685350961496,0.11395286660044403,0.20625285600135307,0.31463833571714567,-0.023512173496052936,-0.05899494325935657,0.06894189759495843,0.05127108692487864,0.24681898398001703,0.24262656422670592,0.033185736580926335,-0.011230837299931637
EGY,0.07406036951977472,0.014123424439259208,0.05901857064900403,0.09684889444576875,0.09290628982315942,-0.1482573756855954,0.11537384277084789,0.24555660471122503,0.31894390487387025,0.0010407706700889018,-0.0894825468708439,0.24543994081816486,0.1311861245361665,0.13417040535035515,0.07659468821101804,1.0,0.20412521668803124,0.0435886351598896,0.2721868645700884,0.35723611923165044,0.17278326406799496,0.04973479045080785,0.0022971165392290127,0.3031648603813339,-0.13404802066575933,-0.11743186082892805,0.13529380467440352,-0.03901303031146342,-0.17561134569684728,0.25879600354386545,0.19467201515708865,0.12232191765985886,0.16637363565243848,0.09625886923956962,0.1523536000871181,0.003703540488717036,0.13150361315332534,0.266273179571725,0.22659806904146046,0.03625513894787916,0.04999011976639969,0.2682588789484382,0.08858033473877519,0.017404642036345126,-0.059144989882283096,-0.004520363826706345,0.16124563439835415,0.24421602173818294,0.06784832194673536,-0.09813953313061677
ESP,-0.08395824723671472,0.19493822917255915,0.32991130006071356,0.06315249130611782,0.11107398864768635,-0.16722782140591747,-0.10533507513620712,0.22428196811665502,0.1049941332391989,0.16638426279878693,-0.10782431779983172,-0.13888251812941046,0.03976543022357517,0.11900181195317189,0.07675957324858337,0.20412521668803124,1.0,-0.09244825075606952,0.2433717928470417,0.25715893304216714,0.03452191366043305,-0.17528345461963116,-0.1837021959318396,0.18737610689538173,0.12257195569440257,0.005417181807744402,0.26331739597466863,-0.157306867107082,-0.06885665121509393,0.04423693902705916,-0.10758585747506987,-0.08439330426230303,0.2137207364959541,-0.006404047625723135,0.19744924626573557,-0.07482941714738961,0.028531416161460908,0.07448057624731542,0.2360636910416795,0.11448168972674304,0.20373951518026484,0.2973754649459471,0.4665283031786643,0.01018444636700132,-0.09876061462321262,-0.20734448003514258,0.15102592873050663,0.15969556357133213,-0.07944000169351248,-0.10287516859036895
FIN,-0.1131775559987647,-0.15549717299868285,0.06857768235557578,0.18707420883747972,0.2508737268704506,-0.24403974110877374,-0.11040446152043236,0.14385357936145654,0.03612987828631244,-0.22290285969780932,0.2642194081616006,-0.09284680295969411,0.20837795552432353,0.20927545319803242,-0.018997875999549958,0.0435886351598896,-0.09244825075606952,1.0,0.20372570267472617,0.17997095695620882,0.26099479546105464,-0.02709282334778836,-0.06661479975133743,0.19447882397126906,-0.04152514439326402,0.13033476428162613,0.3753674112799104,-0.1074597135567163,-0.21590705494218518,0.058767647829247954,-0.11181350214902344,0.18395672134804306,0.20525903948809207,0.005498559222961914,0.04527405963740132,-0.015863294554791154,-0.08521670941339997,0.0011828548639182775,-0.04265363076404202,0.04994299059180686,-0.013841839642628074,0.14929728506487885,0.02071013063566798,-0.01972417585642424,0.14236271669675296,0.20091789598672755,-0.08196862076703564,0.1668093037202151,0.035178685001649085,0.16700230482833733
FRA,0.16194198125487427,-0.0671597182276074,-0.040500818135448945,0.21888898657726386,0.48142627610049477,-0.3483645278948903,-0.15599904964985517,0.4851234996772912,0.35174582684080524,-0.2140113257648305,-0.22767824548585008,0.0440548305369066,0.354223898685103,0.3227201307177434,0.30138208344248013,0.2721868645700884,0.2433717928470417,0.20372570267472617,1.0,0.4616492017837067,0.19143945394401396,-0.002014058159358349,-0.35188470825799384,0.5232851076062006,-0.0523653026177481,0.04265957827092271,0.28585734642450344,0.28312881960684266,-0.20658132395945936,0.479763560780345,-0.09493879228009953,0.22547695226571357,0.2528195469300095,0.23896775452816774,0.10373440682089151,0.18583812568976638,-0.02196042938919552,0.5726572151235966,0.14025904522781424,-0.10784972224463957,0.46157266349361425,0.518070981916021,0.20667624326250658,-0.05670991406484822,-0.0027512690131788406,0.109773782425264,0.4737123402575901,0.26997298629636335,-0.16863088816436345,-0.12204899801470735
GBR,0.1211467290467707,-0.2441356038337824,0.4444451362655832,0.22879012928800668,0.3064725050203635,-0.26441039255369175,-0.15926993860526004,0.7552126910394583,0.3308552783024935,-0.07404101189083816,-0.20817373410481743,-0.19414111332606826,0.2964942732560038,0.2946740600515952,0.23087881431368681,0.35723611923165044,0.25715893304216714,0.17997095695620882,0.4616492017837067,1.0,0.2380182795739977,0.06565177479468286,0.18268800743773084,0.7175344792470145,-0.03727270429642028,0.03281508015831342,0.35239522268740975,0.0677737657770666,-0.1169738108955058,0.3384485600560133,0.07488969050527479,0.10714948936982699,0.40975363100712914,0.129967687778248,0.4794375179862651,0.16843515468282705,-0.12443437584660237,0.3551094107924173,0.25616587375304156,0.08907232162116446,0.33003120834437977,0.44840075708424987,-0.07297263295798331,0.12387192091414294,0.06706848134830837,0.09283149106761976,0.24649988489918126,0.7731112980720721,0.04588629471066494,0.1857168097479244
HKG,-0.09373302608845357,-0.009603744679911074,0.000327850238682916,0.3363352224129662,0.19681241067610455,-0.08134413525731884,0.11477983923192117,0.17753135075507612,0.23935052507533858,-0.06970797530522022,-0.038331417356144364,-0.09227377433440775,0.05705315707892343,0.19654006819662304,0.258725359113187,0.17278326406799496,0.03452191366043305,0.26099479546105464,0.19143945394401396,0.2380182795739977,1.0,0.10478310519671037,0.03948483325371553,0.29015903515315833,0.02507385727133668,-0.1565113861485194,0.2868143738241168,0.10470784728078485,-0.2322054969569148,0.30334368840608655,-0.1886772713929736,0.25231883751343914,0.11344779293943275,0.001689320903693726,0.060161025574337605,0.024680735442605135,-0.09486457139134827,-0.03327742391682861,0.021088071695689322,0.0004219281085725299,0.21158194868439137,0.11974579443736595,0.044567089455595205,0.020793498468650584,0.016086358493858956,-0.0350837966368651,0.1966085057855061,0.23447096527044584,0.1356264323390519,0.19923077891207583
IDN,0.07143217538300982,-0.13178848460740974,0.018253136266261117,-0.07497724593682299,-0.2420475914435742,-0.09954188538382683,0.19285374454587154,0.043751434005843935,-0.007957651562242443,-0.13012485398687354,-0.0496761575111297,0.17362086133720162,-0.06620081687376698,-0.15414966947936987,0.12081884658005304,0.04973479045080785,-0.17528345461963116,-0.02709282334778836,-0.002014058159358349,0.06565177479468286,0.10478310519671037,1.0,-0.0777974092517573,0.10993253563257921,-0.05669212701086305,-0.09204304425614072,-0.18663723827584294,0.03683673883539059,0.00851004513956509,-0.007747838734031222,0.11553599393269354,0.08824422972554044,-0.1995549872324598,0.14237908898655016,-0.028663156197297354,-0.06189000347068363,-0.025891196590570736,0.12333183726365553,-0.023765605639382195,0.009364835754477965,-0.24875946155638823,0.05581073431079611,-0.0410946713599596,-0.2233040223397747,0.18620328718362686,0.4470042237881667,0.19787570337490448,0.10324047740895677,0.03278079637817124,-0.18530921992017121
IND,0.20397324682998905,-0.0047836270297264595,0.3785460461781392,0.04335989899653922,-0.08827064747884111,0.17366888168808783,0.12683095790224527,0.04859791063803287,-0.11334152613649498,0.3142276111545216,-0.11333444380920284,0.03549511953086069,-0.3171765904585356,-0.03355737460049969,-0.09435020486038848,0.0022971165392290127,-0.1837021959318396,-0.06661479975133743,-0.35188470825799384,0.18268800743773084,0.03948483325371553,-0.0777974092517573,1.0,-0.08302195835522629,0.008310360760959696,0.256301561031707,0.009016873718538163,-0.3385202981444243,-0.06513581359803944,-0.005983831907014752,-0.05786098181527071,-0.20632415535450777,0.09067521618560306,-0.03136858029551919,0.24153397232519563,0.341926045199132,-0.038397391538499324,-0.4897259660105953,0.016363564532593845,0.08521334443649106,0.10476777568955632,-0.07247793059201418,-0.2891888607266479,0.290929957935006,-0.003405604319330441,-0.08634579359068177,-0.049062808616101544,0.1737982135737979,0.34657492838708853,0.4988804040428077
IRL,0.1299310996080565,-0.24197491475709065,0.23574741620665926,0.32183447528543935,0.27762446222594056,-0.20975677606405901,-0.10911601110396175,0.6507937925121771,0.4270924145438717,-0.03656024412649144,-0.13634728406633218,-0.19683120231719273,0.38929762943185997,0.3358366981184719,0.3096789754291374,0.3031648603813339,0.18737610689538173,0.19447882397126906,0.5232851076062006,0.7175344792470145,0.29015903515315833,0.10993253563257921,-0.08302195835522629,1.0,-0.09057923932321181,-0.12842188805418434,0.36394939266138043,0.23716996674819016,-0.07766022965889903,0.3858603201980945,-0.05015827272994611,0.18447038657246143,0.3204937922798651,0.21839194339001627,0.2790495253212524,0.09877807168696898,-0.08343484825051067,0.4484453570310994,0.14222608067220643,0.08500852323678004,0.32429178712227813,0.3817755379129039,0.1044785699992686,0.046785215282840076,-0.04512446958239679,0.13187824679400437,0.3156291665293573,0.6101220312483576,-0.06903655916526905,0.010076789183719818
IRN,0.03930395623812691,0.2730635249478173,0.28111556445096886,-0.07454173693992382,0.1368014962755932,0.03521367183618647,0.09618379268588093,-0.004131056327468483,0.021287596664442625,0.2817098400938526,0.00035384815282722806,0.1570390392599349,-0.12569967810268842,-0.007360402527675247,-0.06853568408806412,-0.13404802066575933,0.12257195569440257,-0.04152514439326402,-0.0523653026177481,-0.03727270429642028,0.02507385727133668,-0.05669212701086305,0.008310360760959696,-0.09057923932321181,1.0,0.040873031487088214,0.03825823487752063,-0.1075475534818497,0.05082875517195152,0.16983113636268926,0.16516161611643643,-0.041635769286516196,0.14083731405144173,0.0652831442949666,0.14631073718553214,0.04551815927080758,-0.03280918974547935,-0.08796174019315951,0.07265225507423807,-0.03378559846859221,0.04739694650554516,0.26517674053870544,0.022590033371329202,0.27287162651241254,-0.056305302801822256,-0.25312614866988425,0.06020952409741703,-0.006162110358759867,-0.40048606286338134,0.2463822257289216
ISR,0.117626174194787,-0.05304180585406848,0.1779025752424842,-0.01668639165627366,0.10323366705209852,-0.06938406172061533,-0.10374706100833653,0.15727401255188608,-0.12105776281543146,-0.027862287486112948,-0.10657823651035236,-0.07889834347623521,-0.04790948697304001,0.28862317425025585,0.024893328332746056,-0.11743186082892805,0.005417181807744402,0.13033476428162613,0.04265957827092271,0.03281508015831342,-0.1565113861485194,-0.09204304425614072,0.256301561031707,-0.12842188805418434,0.040873031487088214,1.0,0.25685913504548924,-0.12860574278861894,-0.13167721811093414,0.0548128412634702,-0.05581440604016799,-0.179563805840538,0.22453776163351621,0.29338499493440695,0.06363368077664376,0.2127271922877127,-0.022778680253637353,-0.1222096833302421,0.10975356613189548,-0.00015367644349032202,0.07294047766515195,0.03370866210439625,-0.05140990906421373,0.025094580332149955,-0.08334206050532933,0.08988296173343259,0.038241713309899394,0.053462833788659875,0.0814961413966919,0.06349068123553685
ITA,-0.08434239260814112,-0.24146432130669082,0.2616841976378954,0.2656835610754599,0.35383958773733887,-0.04490138799615177,-0.16117661521128873,0.4193047896679624,0.1733437295652922,-0.08506766648908005,-0.09204790473468381,-0.35657817350160265,0.28643338497807036,0.5071721743687191,0.22570080950053745,0.13529380467440352,0.26331739597466863,0.3753674112799104,0.28585734642450344,0.35239522268740975,0.2868143738241168,-0.18663723827584294,0.009016873718538163,0.36394939266138043,0.03825823487752063,0.25685913504548924,1.0,-0.32004545722573624,-0.0915523478665327,0.041623822139987804,-0.12741653257189084,-0.11827645863368814,0.503546930087126,0.23129200161955749,0.1276708127790323,0.13016385596988894,-0.22780841807418875,-0.0951282501562537,0.2575665092965432,0.03850161867680444,0.18242360965397378,0.3747973630584325,0.026239840893907948,0.12494592528832728,-0.025020287445534892,-0.0529893087026914,0.059104419105017424,0.35358357260170675,-0.08207030875940356,0.06386770628071169
JPN,0.10799916649549045,-0.06429952042498199,-0.3041550896666216,0.23563028381679085,-0.07067322082601775,-0.06097456487714425,-0.03509942709795759,0.20711714254567104,0.2500711246580991,-0.18530448337282007,-0.0646410387146457,0.04526050387073905,0.28572327358701055,0.04001607420690621,0.17751909710580513,-0.03901303031146342,-0.157306867107082,-0.1074597135567163,0.28312881960684266,0.0677737657770666,0.10470784728078485,0.03683673883539059,-0.3385202981444243,0.23716996674819016,-0.1075475534818497,-0.12860574278861894,-0.32004545722573624,1.0,0.010045358265352784,0.183069912122997,0.06582829647666696,0.14387536588642283,-0.13734451307241294,0.046307993890571955,-0.20866835784512422,-0.004191793767565805,-0.031385884974264325,0.583312249276879,-0.05618363181983994,0.04602586785883878,0.1836828659625883,0.02024032814358689,-0.06491372327554681,-0.07945533555534895,-0.00091427234751212,0.15387317789831903,0.26441157831087075,0.11025478286789199,-0.038941766023196524,-0.25325894072608274
KOR,-0.04771584659738862,0.1685563943680038,0.243612163340263,-0.18162324591811738,0.02484327262352069,0.13474803765198318,-0.044739694892087595,-0.03226977729050845,-0.04295967601550703,0.21342348957007673,-0.03486349912129651,0.14049108028702245,-0.015285541920300086,-0.1356941263987523,-0.08940583739100301,-0.17561134569684728,-0.06885665121509393,-0.21590705494218518,-0.20658132395945936,-0.1169738108955058,-0.2322054969569148,0.00851004513956509,-0.06513581359803944,-0.07766022965889903,0.05082875517195152,-0.13167721811093414,-0.0915523478665327,0.010045358265352784,1.0,-0.03832016683191407,0.07240112183438102,-0.0060761042993031,-0.09359433548086422,0.053519316143662475,-0.12142438963448308,-0.0798342021764075,0.1986336897573479,-0.09565382554128773,-0.045437387062239896,0.0586257501226805,-0.10105645480640368,-0.15980875989522156,-0.04387176253581745,-0.05417462576160157,-0.13822565573642243,-0.2601375033436235,-0.199619030104978,-0.017210316529735526,0.07204340798528903,0.059059105304049425
MEX,0.1447232183576951,0.12531206905678222,0.16130171939339227,0.14735550093086708,0.3028938587880579,-0.141978634552335,-0.036463621435845486,0.38551861717212665,0.2439906923544843,0.028177500043932994,-0.11423151027978583,0.28538836394943334,0.09573233619953699,0.10904578226921652,0.1833169010224514,0.25879600354386545,0.04423693902705916,0.058767647829247954,0.479763560780345,0.3384485600560133,0.30334368840608655,-0.007747838734031222,-0.005983831907014752,0.3858603201980945,0.16983113636268926,0.0548128412634702,0.041623822139987804,0.183069912122997,-0.03832016683191407,1.0,0.1485789309548035,0.16807634735823856,0.1648381368389175,0.11556410529047652,0.26075531014903763,0.19708262111038197,0.03415475459181691,0.3999142674086368,-0.06357732779470832,0.0880539511612233,0.39932290953847005,0.3450422798230989,-0.024828622829418532,0.030186645988950888,-0.01743869354752504,-0.08323789184827907,0.2952204211374361,0.3229059036859682,-0.16224486953804818,0.11050052503162226
MYS,0.022379028020007928,-0.18909057145575964,0.0747000816040503,-0.08785953981223713,-0.07741128333296576,0.09876721711640034,0.028808754727478326,0.13296735084747208,-0.16725390559929867,-0.06756402218572605,0.048570078466065786,0.07010248959429162,-0.08737209608260027,0.040734386302620974,0.030168282270928815,0.19467201515708865,-0.10758585747506987,-0.11181350214902344,-0.09493879228009953,0.07488969050527479,-0.1886772713929736,0.11553599393269354,-0.05786098181527071,-0.05015827272994611,0.16516161611643643,-0.05581440604016799,-0.12741653257189084,0.06582829647666696,0.07240112183438102,0.1485789309548035,1.0,-0.0035841248939254703,-0.0006596506431726177,0.013577947401220536,0.04417822441441001,0.14943799055465343,0.052280365603916204,0.2358036555806064,0.026956373177156333,0.09373400432494092,-0.16506385146874902,0.22714366537849107,-0.08296115583796404,0.13520734942553783,0.007494209676520172,-0.09081674786950363,-0.06373868942363872,0.19747041718513852,-0.24971441931443253,0.1001249110325109
NGA,0.13856751525341737,0.02404068124720865,-0.11464716501104044,-0.025322412140816816,0.17294128979637516,-0.2804702482641794,-0.020899691541102897,0.025501137405351197,0.01599147715009744,-0.21576134818506565,-0.18482323674537735,0.1042358708516062,0.19181980573710739,0.036716679668187986,-0.019153247237058305,0.12232191765985886,-0.08439330426230303,0.18395672134804306,0.22547695226571357,0.10714948936982699,0.25231883751343914,0.08824422972554044,-0.20632415535450777,0.18447038657246143,-0.041635769286516196,-0.179563805840538,-0.11827645863368814,0.14387536588642283,-0.0060761042993031,0.16807634735823856,-0.0035841248939254703,1.0,0.04476531986471205,0.026385737055003668,0.027455123434824563,-0.23665580602236108,0.04542848623055295,0.21460470124969372,-0.049081831655405306,-0.025624654717446658,0.12475249241879971,0.11206832870903564,0.04687399240790613,-0.053675125646299074,0.038315098897243396,0.10683098036495439,0.05220260684222935,0.08756257545002961,0.02276040786502262,0.04603744734051835
NLD,-0.07084352028645426,0.04930297330305238,0.3892143405568213,0.08469384518524645,0.3610088356636185,-0.02319631950231994,-0.013381924115758252,0.41532168565735605,0.2686226408670267,0.04785678959933174,-0.16993872636408908,-0.18097450754094346,0.3521052752100259,0.3363505854319346,0.2801399683874293,0.16637363565243848,0.2137207364959541,0.20525903948809207,0.2528195469300095,0.40975363100712914,0.11344779293943275,-0.1995549872324598,0.09067521618560306,0.3204937922798651,0.14083731405144173,0.22453776163351621,0.503546930087126,-0.13734451307241294,-0.09359433548086422,0.1648381368389175,-0.0006596506431726177,0.04476531986471205,1.0,0.3088137033540709,0.3875595051498921,0.10093704391238872,-0.02548559868903205,0.006214256025049351,0.3809353181705718,0.13961470089162445,0.3249238959797276,0.45356572065058676,-0.0025868588245713964,0.11585665959466047,-0.12572599759487518,-0.07548130629600093,0.15355605799890013,0.3996042282547949,-0.054418405352050316,0.10498846901408228
NOR,0.0540642389436694,-0.08747972713781198,0.1645296447632223,-0.10719366727553767,0.0976870416069964,-0.06363663165951614,-0.07905025954260929,0.3939905176448743,0.2077662069817596,-0.002996055966639625,-0.19968189798259345,0.0788844469056169,0.13276346326363148,0.3670359087748444,0.3226663549857054,0.09625886923956962,-0.006404047625723135,0.005498559222961914,0.23896775452816774,0.129967687778248,0.001689320903693726,0.14237908898655016,-0.03136858029551919,0.21839194339001627,0.0652831442949666,0.29338499493440695,0.23129200161955749,0.046307993890571955,0.053519316143662475,0.11556410529047652,0.013577947401220536,0.026385737055003668,0.3088137033540709,1.0,0.02118247691096491,0.08942014091879419,0.17459103070712004,0.1180633876489571,0.1894264049696365,-0.12464773452623268,0.14350677573463144,0.1548983425370266,-0.03755872405659542,-0.017560267122309816,-0.020779184214759248,-0.025926256481402513,0.16227859610136067,0.20650051995068344,0.02534098662978935,-0.13336325784231076
NZL,-0.0498250751305255,0.08078676846073354,0.5394090011155004,-0.1487016715601084,0.3250109283888414,-0.0420711881899604,-0.11073732222306214,0.2546152675113065,0.18083393514222373,0.18787804687547924,-0.09367754138048469,-0.09029826913430342,0.10731264293750718,-0.008100232533793616,-0.024141202028417852,0.1523536000871181,0.19744924626573557,0.04527405963740132,0.10373440682089151,0.4794375179862651,0.060161025574337605,-0.028663156197297354,0.24153397232519563,0.2790495253212524,0.14631073718553214,0.06363368077664376,0.1276708127790323,-0.20866835784512422,-0.12142438963448308,0.26075531014903763,0.04417822441441001,0.027455123434824563,0.3875595051498921,0.02118247691096491,1.0,0.06610458165247655,-0.0320004991921622,-0.06263476978837834,-0.018182707728779033,0.16852689906739832,0.2802207267277818,0.2285857821851075,-0.00900660398917094,0.1939648514270969,-0.021884730639723675,-0.1465362199339165,0.10329710206186449,0.32691211568136047,-0.07679252524356894,0.2680980919484949
PAK,0.19408943038172535,-0.22691879607572402,0.11204568773018124,0.14848549749641668,0.03969387455949653,0.11115062649036794,-0.10137245165068455,0.12098911961538074,-0.0926816117176853,0.10498085437381655,-0.14398333169446598,0.1353676603792973,-0.007483007066794686,0.09588120744528296,0.18527586900658113,0.003703540488717036,-0.07482941714738961,-0.015863294554791154,0.18583812568976638,0.16843515468282705,0.024680735442605135,-0.06189000347068363,0.341926045199132,0.09877807168696898,0.04551815927080758,0.2127271922877127,0.13016385596988894,-0.004191793767565805,-0.0798342021764075,0.19708262111038197,0.14943799055465343,-0.23665580602236108,0.10093704391238872,0.08942014091879419,0.06610458165247655,1.0,0.038117014653258785,0.02957645586738723,0.05453420408465694,-0.05018689029139965,0.2239202101657651,0.2056187593915539,-0.08758713428107481,0.12733917635588268,-0.06398065876533719,-0.05604957901431812,0.16538508686403033,0.06478684617887565,0.01771249432475525,0.19238739859380868
PER,0.05435376947260377,0.17494665653386626,0.0941821179061506,-0.12485227108109495,-0.07353350783170239,-0.03692784824188055,0.05074436372542697,-0.009581713064452862,-0.1448107536809985,0.16030081453091227,-0.024688749038705705,0.2654355545092765,0.02953308793882487,-0.20392860780274738,0.10297817419817364,0.13150361315332534,0.028531416161460908,-0.08521670941339997,-0.02196042938919552,-0.12443437584660237,-0.09486457139134827,-0.025891196590570736,-0.038397391538499324,-0.08343484825051067,-0.03280918974547935,-0.022778680253637353,-0.22780841807418875,-0.031385884974264325,0.1986336897573479,0.03415475459181691,0.052280365603916204,0.04542848623055295,-0.02548559868903205,0.17459103070712004,-0.0320004991921622,0.038117014653258785,1.0,0.054476824527283106,-0.010318350824014062,-0.15031704354155423,-0.1305570707672408,-0.09354938400754498,0.1279781660202758,0.07206211866631969,-0.23910310103225024,-0.11231508230140011,-0.08240740876382267,-0.030078030303614445,0.12752304576545723,0.08802840732590402
PHL,0.07540212451446368,-0.16627162470141282,-0.1461884887669895,0.13893552602412912,0.0216498689397037,-0.23210762274281094,-0.07224791646148848,0.4593643539035468,0.14027963627988638,-0.2688845326221005,-0.10530385295615516,0.04386086335751047,0.367666188110037,0.08208693489121235,0.2947929805959507,0.266273179571725,0.07448057624731542,0.0011828548639182775,0.5726572151235966,0.3551094107924173,-0.03327742391682861,0.12333183726365553,-0.4897259660105953,0.4484453570310994,-0.08796174019315951,-0.1222096833302421,-0.0951282501562537,0.583312249276879,-0.09565382554128773,0.3999142674086368,0.2358036555806064,0.21460470124969372,0.006214256025049351,0.1180633876489571,-0.06263476978837834,0.02957645586738723,0.054476824527283106,1.0,0.08036794172303492,-0.010534648774132809,0.15857860135106988,0.2831658965453317,0.011424941607856023,-0.24338461846431766,0.0036712563220364213,0.2622733799769563,0.3084603622128398,0.3298362309775262,-0.17298486325990994,-0.36854693229528007
POL,0.03273909831889215,0.016879094591573274,0.2401311026746702,-0.03324600821833037,0.27891284982465264,-0.013497918631967771,0.18358369767351046,0.23073734593494757,0.08141802238055086,0.09930567437476838,-0.09838866394895483,-0.06619051773661827,0.22743536853438626,0.20702093185833897,0.2712685350961496,0.22659806904146046,0.2360636910416795,-0.04265363076404202,0.14025904522781424,0.25616587375304156,0.021088071695689322,-0.023765605639382195,0.016363564532593845,0.14222608067220643,0.07265225507423807,0.10975356613189548,0.2575665092965432,-0.05618363181983994,-0.045437387062239896,-0.06357732779470832,0.026956373177156333,-0.049081831655405306,0.3809353181705718,0.1894264049696365,-0.018182707728779033,0.05453420408465694,-0.010318350824014062,0.08036794172303492,1.0,0.1346053134689737,0.08742842994278666,0.14588045276943484,-0.04057313081609616,0.056946706429065685,-0.09386421945354839,-0.08477557866248642,0.142702599920991,0.16201001850941332,-0.05348676560976406,-0.10664744266664355
