,ARE,ARG,AUS,AUT,BEL,BGD,BRA,CAN,CHE,CHL,CHN,COL,CZE,DEU,DNK,EGY,ESP,FIN,FRA,GBR,HKG,IDN,IND,IRL,IRN,ISR,ITA,JPN,KOR,MEX,MYS,NGA,NLD,NOR,NZL,PAK,PER,PHL,POL,PRT,ROU,RUS,SAU,SGP,SWE,THA,TUR,USA,VNM,ZAF
ARE,1.0,0.19304993785557042,-0.03784111722660954,-0.05452648960306362,0.25842769922104003,0.16296666847268484,0.007425133080618913,0.25770944806957097,0.3268515080351884,-0.18111200281023698,0.11491252682237006,0.05302033682409341,0.03864513592386387,0.34752665260295595,-0.07743328655625516,0.2595738077124176,0.30438650603804507,0.08357931518066265,0.4252314667418401,0.26261060685333926,-0.07757446077368506,0.05396537658926523,0.026065047773243217,0.2759542906237327,-0.19844104174499033,0.042424477003523996,0.155523448688217,0.2077697346652019,0.18421718880487925,0.3076051657395156,0.06708370510696288,0.19676212162419,0.21667907021453314,-0.051982631345818306,-0.0846120013786038,0.3326966438216389,0.0725778351736786,-0.06035544220124405,0.0958699945810195,-0.006220338562037147,0.21801854067276705,0.11446912337607655,0.3015000293294349,0.10949766944339429,-0.01291351328727136,-0.0466123558373255,0.18218804958621768,0.19647921853088854,-0.0971644988111833,0.1077441912708871
ARG,0.19304993785557042,1.0,0.10233647501920802,-0.1684695644141762,-0.15112191349694049,0.09939207150415759,0.37303765390007343,-0.04124429565049982,0.03088051815380785,0.05512062776060375,-0.07411373054020651,0.21052861880245644,0.346028340193939,0.24471297201866338,0.1000506031141263,-0.10754003797603444,0.25368620768839417,0.12612097064399863,0.04891040238951143,-0.015112791949270022,0.07069471377739421,-0.04246374760957974,-0.24666943821991202,0.10631755419723145,-0.08125702596171218,0.1251237300954316,0.2832773810826239,0.18146932452243342,0.089253644747913,0.223209147348659,0.06702264878046851,0.05722737770432622,0.25860753864695574,0.24605600414389645,-0.09334932553865259,-0.023617806669342458,0.16673260297344808,-0.11597015137884682,0.4234569149900228,0.20476013103380106,0.4196688036045213,0.1171906994499184,0.2103625371509175,0.11193062997417218,0.006878080175260314,-0.19965397179665492,0.37521005959240733,-0.09842883496910089,-0.0834130396684095,0.15970568725420398
AUS,-0.03784111722660954,0.10233647501920802,1.0,-0.03389959561365155,0.038665912043065014,0.08219218140445857,0.06519604998681429,0.5583899059489615,0.15170038605080555,0.1890673066238068,0.2473583190863958,0.013493672276210334,-0.12950248109055107,0.029347986095160837,0.05176235471875421,0.13601127445364475,0.14790764496480915,0.11259953223083116,-0.1402976366030467,0.4956405248566789,0.03287983591153715,0.043598672847372934,0.1278342068768331,0.5057934261778663,-0.05306683901777871,0.08199694039733621,-0.05272187480401293,0.12437239558229775,0.3121239870634418,-0.0794822198988703,-0.10349930256711248,-0.11101804334553898,-0.021348607460017238,0.11290650271411612,0.2947991348130048,-0.008344215006157316,0.3083582780526704,0.24247828259018775,-0.09242762079712931,0.08145504228367972,0.010363653859018258,0.2699860060562632,0.11457955271367108,0.24250872426707135,-0.13510627041984155,0.11589523331242169,0.12674764541892522,0.5594278287328392,-0.013275901061596642,0.22430917535109532
AUT,-0.05452648960306362,-0.1684695644141762,-0.03389959561365155,1.0,0.048241335853233945,-0.14707103726372253,-0.0537396130296078,0.0910317214548156,0.02506700674206398,-0.22135072658262217,0.09415287153487693,-0.04236114009171176,-0.04998156276377855,0.22763995083693617,0.16408466723872964,0.0781514432778134,0.02740011565682114,0.17605699129444935,0.2220119455019334,0.14745666762790072,-0.03575426928102438,0.12310073955765809,-0.09631175002838446,0.15494142899379698,-0.05307663889692153,0.039476316110573985,0.1881604651088002,-0.1505599767442711,-0.07911635815914239,0.03798824268509071,-0.03539922966139151,0.07594724569792315,0.16040259592142356,0.14351294141526919,0.015559395374358177,-0.012510176969215941,-0.11019147163129031,0.020797652373207128,0.13016798837996402,0.005485408823036118,-0.018103946869289077,0.19697744370902556,-0.0012027125967636523,0.011764857668380032,0.1716109247228258,0.01926206319999287,0.09664267718344756,0.09061481093837356,0.07406237412939887,-0.010357844212414095
BEL,0.25842769922104003,-0.15112191349694049,0.038665912043065014,0.048241335853233945,1.0,-0.09483178137728865,0.1525978550983502,0.21815820747715736,0.26630471725084637,-0.19060915228236033,0.04772568963299164,0.12626939886096494,0.009567955911404143,0.26535448198852113,0.0987141300602683,0.1457573526489861,0.12353241451926376,0.12553825761538548,0.34272560183876083,0.20306997039343394,0.05998824047708052,0.10678596027444583,-0.0901539329282342,0.11041177147228158,-0.00755953889872024,-0.021806233269082747,0.04109320320177878,0.10916130202185469,0.1072348320821341,0.15462445291235605,-0.03471278022132742,0.10047045192380051,0.2656774435243395,0.1507084954132082,-0.015425257643894604,0.04290824484132295,0.02948439886536326,-0.09638009689138158,0.21888090046313025,0.15628635433359495,0.09347942334820385,0.04527724251561974,0.0854702447364715,0.08276666066547657,0.03900057638817685,0.18103025959660932,0.2622139469604586,0.15356766396372856,0.0642460673877585,0.012428041493424188
BGD,0.16296666847268484,0.09939207150415759,0.08219218140445857,-0.14707103726372253,-0.09483178137728865,1.0,0.03515719254283256,0.18010337094579906,0.24597678113792043,-0.06059956730907538,0.061484385927328127,-0.02991777560541506,0.04997395416706134,0.10153500141621608,-0.0990487596880862,0.18546922509692618,0.1557081534210817,-0.01713619998344753,0.1100076694986951,0.2035450054919402,0.18817011387347246,0.17962385769731443,0.04024711553437776,0.14668380207076798,-0.12110684827556113,0.08297882352519191,0.09461452379267858,0.029594707005600712,0.11042995979736345,0.059359027163539704,0.055259007921999614,0.1570821644550016,0.037710409462670506,0.012977332938120334,0.15577379709794398,0.11860504811928178,0.08556644177265836,0.17864022103944727,-0.01884010526758107,0.013098085982465533,0.09867541735112137,0.2695090489304324,0.14015973042777236,0.1309311646489903,0.029418415431261967,0.13527693340419383,0.1680572465809647,0.1913455711768876,0.11141148923428511,0.10057684009828954
BRA,0.007425133080618913,0.37303765390007343,0.06519604998681429,-0.0537396130296078,0.1525978550983502,0.03515719254283256,1.0,-0.11640985138260992,-0.03949046234194107,0.05400616649782102,-0.06133006158103469,0.2008857998760052,0.32166322956632404,0.15503493257587142,0.16491457355415226,0.006865165107494675,0.09816828373258278,0.2943512730661257,0.0005129045235951901,-0.013070383891137499,0.015041846007857535,0.19112156815687356,-0.016591477022531234,-0.11017831779904647,0.028646496644306088,0.14286876158167516,0.22785084514587542,0.25501331348273476,0.21483436605511258,0.21860183140412265,0.30086290711033775,0.08443176275334704,0.38865693779762744,0.37071120286584686,-0.15551266922555185,0.12802157745345896,0.22543544394481072,0.10891902905495413,0.521416783035062,0.20643523129243777,0.2596824324939639,0.13472204822904044,0.0958601535332376,0.18846806068185673,0.22859723278128627,-0.02286977598268901,0.4439439148067002,-0.16355337845330012,-0.007485917939236333,0.026438879703296152
CAN,0.25770944806957097,-0.04124429565049982,0.5583899059489615,0.0910317214548156,0.21815820747715736,0.18010337094579906,-0.11640985138260992,1.0,0.3921553727039364,-0.05407966597181257,0.22329963276229997,-0.20745748863996724,-0.1913316880832055,0.2408508117414937,0.01184087594925961,0.40015750091291014,0.13534965777590482,0.1778983184686637,0.23550500387223344,0.8533043387997942,0.08153806485115722,0.027004707814171466,0.0028761517562367485,0.636733388128309,-0.21561292922972622,0.01576469143556104,0.03630241066785083,0.1465041037041429,0.2968004839445972,0.03065631012025588,-0.07029069808086774,0.01330506187505679,0.05883225976670292,0.11753083357885724,0.21271999863919824,0.09246331499061532,0.06659144457352656,0.2948116315393805,-0.06762393337147572,0.0575013587075735,0.10486440816616746,0.4610674837127859,0.23351945504842953,0.13316740579503053,-0.12221661646768714,0.3134025164252355,0.21752123565197112,0.9401988457186665,0.08969531532108413,0.12012701386310387
CHE,0.3268515080351884,0.03088051815380785,0.15170038605080555,0.02506700674206398,0.26630471725084637,0.24597678113792043,-0.03949046234194107,0.3921553727039364,1.0,-0.1334647975644506,0.10795084947743001,-0.015821980198359436,-0.13329066042319954,0.32367408521353647,0.11640394039721721,0.21053188256444957,0.13351583036059583,-0.03920262165819569,0.4013653786045341,0.4652426926546925,0.06736841053100351,0.293505868265533,-0.08062321638492768,0.3013675400986322,-0.12164628614839687,0.15092561001403812,0.032762112972318846,0.08793180660296479,0.023915164762039177,0.1932136442767813,0.011841377313929955,0.046523321604418355,0.06207183524432388,0.18159807683955206,0.07007220963338334,0.12126318852115446,-0.03332617481634343,0.18684618965099775,0.09705391369295054,0.019337339745144243,0.2888092619672735,0.26214311810430785,0.2758158492857889,0.05104185174927495,-0.04916400806791649,0.1782900613121556,0.1823329849059793,0.3057244435779819,-0.04654002801896479,0.028454301239444233
CHL,-0.18111200281023698,0.05512062776060375,0.1890673066238068,-0.22135072658262217,-0.19060915228236033,-0.06059956730907538,0.05400616649782102,-0.05407966597181257,-0.1334647975644506,1.0,0.15844731310445823,0.27433520517685095,0.1252914792275601,-0.18152175221479142,-0.08288260109252857,-0.10689356424795537,-0.2724078992985706,-0.06182501014868036,-0.4107763682441583,-0.16711082480222886,-0.06975301262276257,0.06611676433583048,0.14364130426855296,-0.12357228561227053,0.09318472977156561,-0.027714162615198254,-0.2018223151791971,0.05995557428631028,0.076107623241337,-0.13650732132256002,0.0400242415411935,-0.16516751702112173,-0.12531742454519393,-0.007125662184556284,-0.023830657848236535,-0.09080378328639939,0.11403423990133792,0.1568215126549281,-0.17288488495046678,-0.00865627725574014,-0.06607679321560561,-0.04001378855844516,-0.14583405417751588,0.05824113886101676,-0.1549376299340443,-0.15367757994753878,-0.1823516135802099,-0.09441778554212324,-0.06567700904370236,0.08236076754071027
CHN,0.11491252682237006,-0.07411373054020651,0.2473583190863958,0.09415287153487693,0.04772568963299164,0.061484385927328127,-0.06133006158103469,0.22329963276229997,0.10795084947743001,0.15844731310445823,1.0,-0.0059031762828202486,-0.13496813439864422,0.03582941427851408,-0.09722698953279217,-0.046394643720363,0.1177751980105099,0.047185143905416935,0.029517117169465312,0.14723000160265168,-0.016876191053212173,0.059893804053938696,0.06809715861266805,0.17306408904889134,-0.09283190297278537,-0.05479853803852496,0.11949585179468347,0.1256737820303995,0.07953561558063639,0.039936055120815904,-0.12588718655394887,-0.008794892385172039,0.07005012091401136,0.11975281049489127,0.14354443814094392,0.10903317107546653,0.03415190892452661,0.000674561993810929,-0.06505593297301783,0.10547824567931972,0.01183100539759883,0.16279723314813765,0.04836915573437136,0.2258897521122452,-0.21586028591421333,0.03287876102399564,-0.0030651300873489216,0.18706556561279236,-0.09176686689842065,0.09712784060144732
COL,0.05302033682409341,0.21052861880245644,0.013493672276210334,-0.04236114009171176,0.12626939886096494,-0.02991777560541506,0.2008857998760052,-0.20745748863996724,-0.015821980198359436,0.27433520517685095,-0.0059031762828202486,1.0,0.1887845523917984,0.20333397052833554,-0.0325988301107745,0.03878997218110803,-0.10279136817499074,-0.036956620790986494,-0.0026701289705635778,-0.13583340694660725,-0.13137144070519985,0.3039999306554679,-0.06326681329846516,-0.045235939278431794,0.07555276553432158,0.06024241352187926,-0.019976198653397486,0.20926915850901198,-0.008847222857798251,0.31442748675357096,0.24421889178227307,0.14805409257515517,0.16408831447784233,0.12407177073319896,-0.2263221929805213,0.031580969266346785,0.083227655368419,0.053298068060342964,0.20517083755527954,0.07258009444089905,0.16287707509788385,-0.01444404513262073,0.2221346582414426,0.04448422873995873,-0.0018107064044684035,-0.03091350279204472,0.09741021681713087,-0.29608134170801853,-0.04846913958642925,0.11882331655135218
CZE,0.03864513592386387,0.346028340193939,-0.12950248109055107,-0.04998156276377855,0.009567955911404143,0.04997395416706134,0.32166322956632404,-0.1913316880832055,-0.13329066042319954,0.1252914792275601,-0.13496813439864422,0.1887845523917984,1.0,0.20225235727364602,0.14457738271611914,-0.031873176673071275,0.11142376970690547,0.12218740714407464,0.014518096403925497,-0.0687982674569439,0.05750051584127952,0.13248037236658958,-0.12657689771244873,-0.014599979954007402,0.03009921627893687,0.11545394763434298,0.2879407889180986,0.06493747146660922,0.0012411184069537678,0.051263786861298455,0.11574024603507557,-0.018039390525507574,0.31082804788103824,0.24853100376368484,-0.1609692016214744,-0.06564633725142932,0.2170272521485993,0.11463714589990677,0.46873118698602817,0.249475988326755,0.24149721983148292,0.14349715459657325,0.04328642779421532,-0.026176144034739623,0.21033036898234547,-0.04235998867430315,0.41423136612457906,-0.18960634741498544,0.09547276937384454,-0.05711484813264893
DEU,0.34752665260295595,0.24471297201866338,0.029347986095160837,0.22763995083693617,0.26535448198852113,0.10153500141621608,0.15503493257587142,0.2408508117414937,0.32367408521353647,-0.18152175221479142,0.03582941427851408,0.20333397052833554,0.20225235727364602,1.0,0.21424412994266145,0.22573669470274532,0.19025517361199457,0.1191160570849849,0.4741855488343776,0.3709515340589116,0.05503066559235511,0.276195002334098,-0.126392545060628,0.3414703427256943,-0.03324318189270384,0.14708377286709146,0.13606180347858213,0.23317098693475027,0.025999721837179388,0.36261152126994184,0.0827067553159369,0.20786134432929335,0.3374836764573242,0.2772545979455314,-0.04810713469931426,0.10120744420293325,0.13513872831299026,0.178646467037085,0.484329474030357,0.10614654640858498,0.39316679848630126,0.3226568121456845,0.2908121496757262,0.02286365588958412,0.15847754148477267,0.06237257149130872,0.44050756585379425,0.2083062694935379,-0.007949395580819599,0.048059055066985164
DNK,-0.07743328655625516,0.1000506031141263,0.05176235471875421,0.16408466723872964,0.0987141300602683,-0.0990487596880862,0.16491457355415226,0.01184087594925961,0.11640394039721721,-0.08288260109252857,-0.09722698953279217,-0.0325988301107745,0.14457738271611914,0.21424412994266145,1.0,0.04849049005833295,0.14397677210180587,0.24392508387851985,0.08691452982461242,0.0717128986409055,-0.09776633729180566,0.06306200265792948,-0.12267648694941541,0.05216852686700805,-0.13317113760463378,0.2923833157947302,0.10778076225099376,0.013161066638549332,0.013085278537658993,-0.005109115987241318,-0.20285436281798044,0.0340166682540155,0.27299709736118616,0.21977056650607968,0.048469555476172585,0.02510618882838597,0.08597245559871726,0.040141644569175225,0.29070327337319246,0.08860174592575924,0.24917870237485085,0.24132569460560288,0.13869293418561005,0.03178623503228378,0.03029835642254404,-0.1352370332239746,0.3242856217977256,-0.030404697423538136,-0.0013422534204351733,0.10033317400367385
EGY,0.2595738077124176,-0.10754003797603444,0.13601127445364475,0.0781514432778134,0.1457573526489861,0.18546922509692618,0.006865165107494675,0.40015750091291014,0.21053188256444957,-0.10689356424795537,-0.046394643720363,0.03878997218110803,-0.031873176673071275,0.22573669470274532,0.04849049005833295,1.0,0.0038480082191618917,0.11564919050442828,0.18167782916928538,0.4692165466153134,0.038393419323036235,0.2788122817010892,-0.08307157835883064,0.33163396895483377,-0.03497037163449914,0.015341485664064992,-0.10989941066956152,0.03800830455618677,0.21960008279321927,0.1265058659201234,0.14779717981616458,0.04635521051999261,0.03148286783170374,0.00839695472751884,0.04910653660360317,0.12573566165275085,-0.08422055774443002,0.31711600904320747,0.14555222430407483,-0.10782046073744289,-0.07605829436941469,0.3546949628322364,0.10963213938037245,0.0435344765666716,0.06590544161875572,0.18071871228599898,0.21622990989190244,0.427193279648853,0.2641932625063263,-0.05905611931138587
ESP,0.30438650603804507,0.25368620768839417,0.14790764496480915,0.02740011565682114,0.12353241451926376,0.1557081534210817,0.09816828373258278,0.13534965777590482,0.13351583036059583,-0.2724078992985706,0.1177751980105099,-0.10279136817499074,0.11142376970690547,0.19025517361199457,0.14397677210180587,0.0038480082191618917,1.0,0.1358434041665567,0.2029958020249169,0.18106010680627505,0.14780486894277858,-0.04445462250732233,-0.0555224565305932,0.1719642617947442,-0.0851256294147068,-0.060637016084081334,0.18168400867529333,0.13319991499562336,0.09340909800433504,0.048302317471929195,-0.02728274201278849,0.20655631974336744,0.18759670177799134,0.11720335906946573,0.006045147250515214,0.13807622345526094,0.008446729950076453,-0.11832507176694199,0.14540566857698667,-0.0026497672269436886,0.21336421706458195,0.14855447778482292,0.1874684228213598,0.07306873135842405,-0.023607440421745535,-0.11298939699100527,0.2892810809355697,0.053145947377795884,0.019816493454217186,0.15224980842435018
FIN,0.08357931518066265,0.12612097064399863,0.11259953223083116,0.17605699129444935,0.12553825761538548,-0.01713619998344753,0.2943512730661257,0.1778983184686637,-0.03920262165819569,-0.06182501014868036,0.047185143905416935,-0.036956620790986494,0.12218740714407464,0.1191160570849849,0.24392508387851985,0.11564919050442828,0.1358434041665567,1.0,-0.005244464758860011,0.18591556679974133,-0.047489982098454085,-0.006464208578578627,-0.09561848548827963,0.07810162908014613,0.0056275208907802104,0.09449188181314051,0.22744587016603732,0.023978493321285266,0.12955476523302686,-0.03540674477192455,0.0267264575052897,0.12646413866002065,0.28856087457136453,0.14050064800572853,-0.06712039805146323,0.16180408098569846,0.022827002771579896,0.0317385985758146,0.28080805425028815,0.14012678710306364,0.11186101396048917,0.23045126950974545,0.017012346069863352,0.04999141974542682,0.13170539614063206,0.0353371789818111,0.3187585169987331,0.16669380635993558,-0.023623759955272085,0.06083602685451729
FRA,0.4252314667418401,0.04891040238951143,-0.1402976366030467,0.2220119455019334,0.34272560183876083,0.1100076694986951,0.0005129045235951901,0.23550500387223344,0.4013653786045341,-0.4107763682441583,0.029517117169465312,-0.0026701289705635778,0.014518096403925497,0.4741855488343776,0.08691452982461242,0.18167782916928538,0.2029958020249169,-0.005244464758860011,1.0,0.36513278884339423,0.18206094571466488,0.2428691072228491,-0.11424609241920036,0.3703888294085377,-0.1180480319809189,0.1361854555291145,0.17807104998574508,0.022456270632676696,-0.048451112029479694,0.5435676224805979,0.14528999345751495,0.14406969981659784,0.15495238277840995,0.15614254316705783,-0.13162887929554604,0.22671929447892583,-0.13504284780475456,0.038492251554654675,0.10368655541864719,-0.058278822850050586,0.2864267908025791,0.16256419276247014,0.36726239250490145,0.049552560051456584,-0.08277515188679058,0.12612424203185219,0.172812178895929,0.17921512951388216,-0.17591486041740786,0.02674571030797538
GBR,0.26261060685333926,-0.015112791949270022,0.4956405248566789,0.14745666762790072,0.20306997039343394,0.2035450054919402,-0.013070383891137499,0.8533043387997942,0.4652426926546925,-0.16711082480222886,0.14723000160265168,-0.13583340694660725,-0.0687982674569439,0.3709515340589116,0.0717128986409055,0.4692165466153134,0.18106010680627505,0.18591556679974133,0.36513278884339423,1.0,0.10002082722220407,0.25889998722718777,-0.05353369299352992,0.7038089097932676,-0.18909220703220755,0.09343212233065454,0.12631112241838396,0.11393103679083215,0.26664639995651734,0.10326112429993062,0.0016376584032389643,-0.027692848665766327,0.17851879088005462,0.2648322398000354,0.12071564774342883,0.159497253652346,0.006924890466829273,0.3866531161532534,0.06739154872977618,0.08693452138048534,0.13166254936220692,0.555896375066448,0.3584991230776913,0.06624365052372029,-0.01433518198316592,0.32235290672490774,0.38448196322142464,0.8384643505827838,0.10252944620532391,-0.0033598773872608547
HKG,-0.07757446077368506,0.07069471377739421,0.03287983591153715,-0.03575426928102438,0.05998824047708052,0.18817011387347246,0.015041846007857535,0.08153806485115722,0.06736841053100351,-0.06975301262276257,-0.016876191053212173,-0.13137144070519985,0.05750051584127952,0.05503066559235511,-0.09776633729180566,0.038393419323036235,0.14780486894277858,-0.047489982098454085,0.18206094571466488,0.10002082722220407,1.0,0.08467490497236563,0.048692099967256694,0.05975743497317416,0.07735862737567947,0.11311291959613881,-0.011863203134765578,-0.06059660230586663,-0.053444330789440435,0.04145313587849173,0.17537839246177203,0.17723356827829687,-0.09374038152083695,0.034697117959749314,0.10109802572036458,0.05393287994377655,-0.05550647143871562,0.08046432603663274,0.021922153485357785,0.10951975904383418,0.03182973669976192,0.035540748366067215,-0.06479680485873544,0.12200004254593635,0.0034835418511207617,0.143232892788923,-0.02482616706506712,0.09060935874998996,-0.02964801625492051,0.1009626214208746
IDN,0.05396537658926523,-0.04246374760957974,0.043598672847372934,0.12310073955765809,0.10678596027444583,0.17962385769731443,0.19112156815687356,0.027004707814171466,0.293505868265533,0.06611676433583048,0.059893804053938696,0.3039999306554679,0.13248037236658958,0.276195002334098,0.06306200265792948,0.2788122817010892,-0.04445462250732233,-0.006464208578578627,0.2428691072228491,0.25889998722718777,0.08467490497236563,1.0,0.03571227289510977,0.10148398334413532,0.10198304778022853,0.07872944558898505,-0.018358805036565857,0.10724936534306691,-0.1234629019317586,0.13985219370535387,0.25904885025575225,0.06320996468159289,0.07584647984805032,0.2241519613423605,-0.1892522857840939,0.18630682164923354,-0.2751527316386951,0.4069207971579868,0.17865561492710405,0.0013533816843394435,0.11793877814224485,0.18776967508953885,0.11248957633145107,0.04356194580303538,0.15853389130641335,0.2563462924448907,0.18415116613929325,0.02288190734292433,0.05726235302213739,-0.17850677095655296
IND,0.026065047773243217,-0.24666943821991202,0.1278342068768331,-0.09631175002838446,-0.0901539329282342,0.04024711553437776,-0.016591477022531234,0.0028761517562367485,-0.08062321638492768,0.14364130426855296,0.06809715861266805,-0.06326681329846516,-0.12657689771244873,-0.126392545060628,-0.12267648694941541,-0.08307157835883064,-0.0555224565305932,-0.09561848548827963,-0.11424609241920036,-0.05353369299352992,0.048692099967256694,0.03571227289510977,1.0,-0.01719107827404692,0.03998870322023983,-0.07600458405808304,-0.2546694133869044,0.0027440622133381933,0.032433607415713,0.05040567006975883,0.20579157936148404,-0.0012030604359610296,-0.21899039422022745,-0.13454175770276372,0.20011264725416497,0.467732939480171,-0.029606380331208295,0.15770770393545985,-0.29621883534945037,-0.1535751902884036,-0.28948141624934975,-0.2150298367570009,0.03518130053274953,0.23563420506665958,-0.1779907180254567,-0.01647320599849313,-0.23530946751988552,0.04098961443606159,-0.5616892147815833,0.14745283485359204
IRL,0.2759542906237327,0.10631755419723145,0.5057934261778663,0.15494142899379698,0.11041177147228158,0.14668380207076798,-0.11017831779904647,0.636733388128309,0.3013675400986322,-0.12357228561227053,0.17306408904889134,-0.045235939278431794,-0.014599979954007402,0.3414703427256943,0.05216852686700805,0.33163396895483377,0.1719642617947442,0.07810162908014613,0.3703888294085377,0.7038089097932676,0.05975743497317416,0.10148398334413532,-0.01719107827404692,1.0,-0.19516453078474363,0.07237679703000524,0.11331135042480932,0.026205168387816207,0.22904102099982343,0.1688534158547259,0.0481265385136193,-0.13930586526378694,0.08101277274208699,0.12545691864189798,0.07006419931705633,-0.02736696822950978,0.05969028481832592,0.2574657849069253,0.06625234398384937,0.02805789945032776,0.18357971634867995,0.4813964835424918,0.24313928224928164,0.09261447074770313,-0.1053330661422906,0.1565085827824515,0.25846118022971254,0.6368790995631657,-0.029809029898442967,0.07737200435171593
IRN,-0.19844104174499033,-0.08125702596171218,-0.05306683901777871,-0.05307663889692153,-0.00755953889872024,-0.12110684827556113,0.028646496644306088,-0.21561292922972622,-0.12164628614839687,0.09318472977156561,-0.09283190297278537,0.07555276553432158,0.03009921627893687,-0.03324318189270384,-0.13317113760463378,-0.03497037163449914,-0.0851256294147068,0.0056275208907802104,-0.1180480319809189,-0.18909220703220755,0.07735862737567947,0.10198304778022853,0.03998870322023983,-0.19516453078474363,1.0,-0.13994369229510262,-0.01088231502624567,-0.024377133703616834,0.05211029847620611,0.037410615021309115,0.10187613013540535,0.006299815854663052,-0.117943802125073,-0.044965310802009106,-0.06929618710692863,-0.014641878655256289,-0.1966435508785955,0.1059644932840103,-0.050496463013225246,0.07094590098471314,-0.1463338707784335,-0.1422690176904054,-0.22025995759574357,0.09424581533839466,0.004351516474672141,0.023241157694313414,-0.15481093772390098,-0.1831975393454903,0.059565866462210945,0.005380564510912779
ISR,0.042424477003523996,0.1251237300954316,0.08199694039733621,0.039476316110573985,-0.021806233269082747,0.08297882352519191,0.14286876158167516,0.01576469143556104,0.15092561001403812,-0.027714162615198254,-0.05479853803852496,0.06024241352187926,0.11545394763434298,0.14708377286709146,0.2923833157947302,0.015341485664064992,-0.060637016084081334,0.09449188181314051,0.1361854555291145,0.09343212233065454,0.11311291959613881,0.07872944558898505,-0.07600458405808304,0.07237679703000524,-0.13994369229510262,1.0,0.2511352912468823,0.016982778314543902,-0.09838556308838094,0.02444818934008665,-0.010395302036465161,-0.001979270041796136,0.13542772067149178,0.0665714609457169,-0.0501684661772472,0.1323907049064485,0.11566251669318242,0.11711542376035729,0.23755639657050248,0.12499998497838997,0.31402709906694215,0.21730419574751472,0.08555934960162669,0.057346768188945255,0.1787768646231721,0.03402521358960353,0.1719683867383866,0.03762414471861898,-0.10304077520676803,0.010313789354354626
ITA,0.155523448688217,0.2832773810826239,-0.05272187480401293,0.1881604651088002,0.04109320320177878,0.09461452379267858,0.22785084514587542,0.03630241066785083,0.032762112972318846,-0.2018223151791971,0.11949585179468347,-0.019976198653397486,0.2879407889180986,0.13606180347858213,0.10778076225099376,-0.10989941066956152,0.18168400867529333,0.22744587016603732,0.17807104998574508,0.12631112241838396,-0.011863203134765578,-0.018358805036565857,-0.2546694133869044,0.11331135042480932,-0.01088231502624567,0.2511352912468823,1.0,-0.027729550807408753,0.04257215507263385,0.02944658453447421,0.009835503573816858,0.022555258536378655,0.3800175715649152,0.11034541523423735,-0.23485227107992712,0.025789848849217686,0.07813889919690023,-0.11756213028208587,0.33945208476331196,0.3405127766581717,0.2953210818724327,0.3418553650353404,0.16545219215400406,-0.01848864330972852,0.28357164976645005,-0.0063485259897804675,0.3755316861800883,0.01700465536167255,-0.01560181101350478,-0.014023155308041779
JPN,0.2077697346652019,0.18146932452243342,0.12437239558229775,-0.1505599767442711,0.10916130202185469,0.029594707005600712,0.25501331348273476,0.1465041037041429,0.08793180660296479,0.05995557428631028,0.1256737820303995,0.20926915850901198,0.06493747146660922,0.23317098693475027,0.013161066638549332,0.03800830455618677,0.13319991499562336,0.023978493321285266,0.022456270632676696,0.11393103679083215,-0.06059660230586663,0.10724936534306691,0.0027440622133381933,0.026205168387816207,-0.024377133703616834,0.016982778314543902,-0.027729550807408753,1.0,0.31657851569640844,0.15450464017556598,0.16952582808000963,0.1793670144013511,0.1126917533649249,0.21892975446366056,0.025610950943100504,0.05716190820508111,0.35616316519046304,0.10840617468318722,0.21157454216123903,-0.011305311765142847,0.24854382836615974,0.05131283678569659,0.13549122041365463,0.1302763611841006,-0.0330313017461886,0.15925489169209353,0.15781249422124582,0.04950713704792474,0.027975957674336045,0.19444874554685823
KOR,0.18421718880487925,0.089253644747913,0.3121239870634418,-0.07911635815914239,0.1072348320821341,0.11042995979736345,0.21483436605511258,0.2968004839445972,0.023915164762039177,0.076107623241337,0.07953561558063639,-0.008847222857798251,0.0012411184069537678,0.025999721837179388,0.013085278537658993,0.21960008279321927,0.09340909800433504,0.12955476523302686,-0.048451112029479694,0.26664639995651734,-0.053444330789440435,-0.1234629019317586,0.032433607415713,0.22904102099982343,0.05211029847620611,-0.09838556308838094,0.04257215507263385,0.31657851569640844,1.0,0.08341167597334918,-0.01964669816816209,0.07037139302611709,0.1749119152424624,0.05572721646110711,0.07420315570950663,0.015903708272974472,0.3163518257317517,0.08402954356561883,0.05018077147993222,0.1172292882730496,0.03762935491152218,0.20841937369954663,0.15490825003306674,0.05331035053859428,0.013585070315652772,-0.01932439846239919,0.2232145635861188,0.2701348102213799,0.11943790186157605,0.18486833251652648
MEX,0.3076051657395156,0.223209147348659,-0.0794822198988703,0.03798824268509071,0.15462445291235605,0.059359027163539704,0.21860183140412265,0.03065631012025588,0.1932136442767813,-0.13650732132256002,0.039936055120815904,0.31442748675357096,0.051263786861298455,0.36261152126994184,-0.005109115987241318,0.1265058659201234,0.048302317471929195,-0.03540674477192455,0.5435676224805979,0.10326112429993062,0.04145313587849173,0.13985219370535387,0.05040567006975883,0.1688534158547259,0.037410615021309115,0.02444818934008665,0.02944658453447421,0.15450464017556598,0.08341167597334918,1.0,0.14977207416501925,0.19868575998707413,0.19096917028066432,0.21691865251397968,-0.1533716194787163,0.18660375016589467,-0.06809309092604456,-0.030206869604249578,0.2040604127609765,-0.05388975947175175,0.1859353816469556,0.03639141551831164,0.4147074190478669,0.1595875160672795,-0.045042117485926604,0.012604144080997012,0.12100291076182097,-0.05658934498301585,-0.1822189569508587,0.17435776735521508
MYS,0.06708370510696288,0.06702264878046851,-0.10349930256711248,-0.03539922966139151,-0.03471278022132742,0.055259007921999614,0.30086290711033775,-0.07029069808086774,0.011841377313929955,0.0400242415411935,-0.12588718655394887,0.24421889178227307,0.11574024603507557,0.0827067553159369,-0.20285436281798044,0.14779717981616458,-0.02728274201278849,0.0267264575052897,0.14528999345751495,0.0016376584032389643,0.17537839246177203,0.25904885025575225,0.20579157936148404,0.0481265385136193,0.10187613013540535,-0.010395302036465161,0.009835503573816858,0.16952582808000963,-0.01964669816816209,0.14977207416501925,1.0,0.0014482805158967562,-0.0004730876403376052,0.031325591279007844,-0.041809829936766116,0.20724858926094028,-0.006201576505842993,0.2539515089483488,0.15404355827149593,-0.02385412424495531,0.038197925808956215,0.07493514698876778,-0.11710909710108129,0.0837294067663142,0.05387846351418398,0.157308360212146,0.0762878202430698,-0.07063877139716603,-0.13177391401784538,0.06440577227422743
NGA,0.19676212162419,0.05722737770432622,-0.11101804334553898,0.07594724569792315,0.10047045192380051,0.1570821644550016,0.08443176275334704,0.01330506187505679,0.046523321604418355,-0.16516751702112173,-0.008794892385172039,0.14805409257515517,-0.018039390525507574,0.20786134432929335,0.0340166682540155,0.04635521051999261,0.20655631974336744,0.12646413866002065,0.14406969981659784,-0.027692848665766327,0.17723356827829687,0.06320996468159289,-0.0012030604359610296,-0.13930586526378694,0.006299815854663052,-0.001979270041796136,0.022555258536378655,0.1793670144013511,0.07037139302611709,0.19868575998707413,0.0014482805158967562,1.0,0.08410233775825784,-0.04760476205914813,0.12461646934041078,0.18054825531482033,-0.00013218477045919927,-0.08628919562569903,0.0998043872187844,-0.06999316262416867,0.21254043217180024,-0.05216914745457632,0.17034768169634149,0.1826789098999085,-0.023852732613481482,-0.04671405171621059,-0.019288265429910807,-0.026787652966744707,-0.031839905782963765,0.26944928988427264
NLD,0.21667907021453314,0.25860753864695574,-0.021348607460017238,0.16040259592142356,0.2656774435243395,0.037710409462670506,0.38865693779762744,0.05883225976670292,0.06207183524432388,-0.12531742454519393,0.07005012091401136,0.16408831447784233,0.31082804788103824,0.3374836764573242,0.27299709736118616,0.03148286783170374,0.18759670177799134,0.28856087457136453,0.15495238277840995,0.17851879088005462,-0.09374038152083695,0.07584647984805032,-0.21899039422022745,0.08101277274208699,-0.117943802125073,0.13542772067149178,0.3800175715649152,0.1126917533649249,0.1749119152424624,0.19096917028066432,-0.0004730876403376052,0.08410233775825784,1.0,0.33974205234237764,-0.2804709684310176,0.030194353272148214,0.13355597185450813,0.05861599779694387,0.5707906541143986,0.29092071654939516,0.2927490854972234,0.34531966889648835,0.21337069677398826,-0.017253826907570272,0.2583273658350345,0.0872034254399215,0.6119457213813869,0.029891236795189027,0.08330194044098106,0.06799139387667986
NOR,-0.051982631345818306,0.24605600414389645,0.11290650271411612,0.14351294141526919,0.1507084954132082,0.012977332938120334,0.37071120286584686,0.11753083357885724,0.18159807683955206,-0.007125662184556284,0.11975281049489127,0.12407177073319896,0.24853100376368484,0.2772545979455314,0.21977056650607968,0.00839695472751884,0.11720335906946573,0.14050064800572853,0.15614254316705783,0.2648322398000354,0.034697117959749314,0.2241519613423605,-0.13454175770276372,0.12545691864189798,-0.044965310802009106,0.0665714609457169,0.11034541523423735,0.21892975446366056,0.05572721646110711,0.21691865251397968,0.031325591279007844,-0.04760476205914813,0.33974205234237764,1.0,-0.07027276599991723,0.04119666998455099,0.016955898473925837,0.14887651854785203,0.39422826545333745,0.22335892841868754,0.18117437750030982,0.21740125554367581,0.1173688607110453,0.025575109215200505,0.1177434131168661,0.11252101786648212,0.48545633791809945,0.0784558212391876,0.06436091951883095,-0.15661025630242953
NZL,-0.0846120013786038,-0.09334932553865259,0.2947991348130048,0.015559395374358177,-0.015425257643894604,0.15577379709794398,-0.15551266922555185,0.21271999863919824,0.07007220963338334,-0.023830657848236535,0.14354443814094392,-0.2263221929805213,-0.1609692016214744,-0.04810713469931426,0.048469555476172585,0.04910653660360317,0.006045147250515214,-0.06712039805146323,-0.13162887929554604,0.12071564774342883,0.10109802572036458,-0.1892522857840939,0.20011264725416497,0.07006419931705633,-0.06929618710692863,-0.0501684661772472,-0.23485227107992712,0.025610950943100504,0.07420315570950663,-0.1533716194787163,-0.041809829936766116,0.12461646934041078,-0.2804709684310176,-0.07027276599991723,1.0,-0.033709115933195574,0.0895119767346416,0.10088266522718906,-0.22589678340053973,-0.144300984881806,-0.08974521411026172,0.07483861369042481,-0.10839154058634284,0.18235717573119084,-0.25941357065357135,-0.027511978263465662,-0.06428048518653837,0.23988842352163936,-0.043763982774432005,0.15902021589024629
PAK,0.3326966438216389,-0.023617806669342458,-0.008344215006157316,-0.012510176969215941,0.04290824484132295,0.11860504811928178,0.12802157745345896,0.09246331499061532,0.12126318852115446,-0.09080378328639939,0.10903317107546653,0.031580969266346785,-0.06564633725142932,0.10120744420293325,0.02510618882838597,0.12573566165275085,0.13807622345526094,0.16180408098569846,0.22671929447892583,0.159497253652346,0.05393287994377655,0.18630682164923354,0.467732939480171,-0.02736696822950978,-0.014641878655256289,0.1323907049064485,0.025789848849217686,0.05716190820508111,0.015903708272974472,0.18660375016589467,0.20724858926094028,0.18054825531482033,0.030194353272148214,0.04119666998455099,-0.033709115933195574,1.0,-0.12117392515113236,0.1870224748641736,-0.004326471056130158,-0.045100185579844305,0.05342162462617229,0.020046388034240584,0.3288447254331598,0.08891957104632231,-0.0076512731625175525,0.04910968415329399,0.055658713025623106,0.07280390144991873,-0.387496203437355,0.1161491679239759
PER,0.0725778351736786,0.16673260297344808,0.3083582780526704,-0.11019147163129031,0.02948439886536326,0.08556644177265836,0.22543544394481072,0.06659144457352656,-0.03332617481634343,0.11403423990133792,0.03415190892452661,0.083227655368419,0.2170272521485993,0.13513872831299026,0.08597245559871726,-0.08422055774443002,0.008446729950076453,0.022827002771579896,-0.13504284780475456,0.006924890466829273,-0.05550647143871562,-0.2751527316386951,-0.029606380331208295,0.05969028481832592,-0.1966435508785955,0.11566251669318242,0.07813889919690023,0.35616316519046304,0.3163518257317517,-0.06809309092604456,-0.006201576505842993,-0.00013218477045919927,0.13355597185450813,0.016955898473925837,0.0895119767346416,-0.12117392515113236,1.0,0.0240379457750745,0.20376379942212489,0.10684051913851912,0.07780268008860189,0.1765355598738714,0.02623687182037855,0.0637319478774045,-0.0026314376026097567,0.06037532916218378,0.22095525269943717,0.07344608204812668,0.06684610843010783,0.1955414241373934
PHL,-0.06035544220124405,-0.11597015137884682,0.24247828259018775,0.020797652373207128,-0.09638009689138158,0.17864022103944727,0.10891902905495413,0.2948116315393805,0.18684618965099775,0.1568215126549281,0.000674561993810929,0.053298068060342964,0.11463714589990677,0.178646467037085,0.040141644569175225,0.31711600904320747,-0.11832507176694199,0.0317385985758146,0.038492251554654675,0.3866531161532534,0.08046432603663274,0.4069207971579868,0.15770770393545985,0.2574657849069253,0.1059644932840103,0.11711542376035729,-0.11756213028208587,0.10840617468318722,0.08402954356561883,-0.030206869604249578,0.2539515089483488,-0.08628919562569903,0.05861599779694387,0.14887651854785203,0.10088266522718906,0.1870224748641736,0.0240379457750745,1.0,0.19905966827858923,-0.07968121386770367,0.054097235805206416,0.3878214511606675,0.01656461312629083,0.12919690264284153,0.06013185755202782,0.3987842030488459,0.2585402398268681,0.332493183292359,0.0004816225562216466,0.0034718066686089573
POL,0.0958699945810195,0.4234569149900228,-0.09242762079712931,0.13016798837996402,0.21888090046313025,-0.01884010526758107,0.521416783035062,-0.06762393337147572,0.09705391369295054,-0.17288488495046678,-0.06505593297301783,0.20517083755527954,0.46873118698602817,0.484329474030357,0.29070327337319246,0.14555222430407483,0.14540566857698667,0.28080805425028815,0.10368655541864719,0.06739154872977618,0.021922153485357785,0.17865561492710405,-0.29621883534945037,0.06625234398384937,-0.050496463013225246,0.23755639657050248,0.33945208476331196,0.21157454216123903,0.05018077147993222,0.2040604127609765,0.15404355827149593,0.0998043872187844,0.5707906541143986,0.39422826545333745,-0.22589678340053973,-0.004326471056130158,0.20376379942212489,0.19905966827858923,1.0,0.2585115158986391,0.39902595813921193,0.3092044632610714,0.04466601582576993,0.11050170166627521,0.3889748760515491,0.03019520317172866,0.6765727243906628,-0.08906635025225065,0.1471284777539563,0.0070048379634550005
