ARE,ARG,AUS,AUT,BEL,BGD,BRA,CAN,CHE,CHL,CHN,COL,CZE,DEU,DNK,EGY,ESP,FIN,FRA,GBR,HKG,IDN,IND,IRL,IRN,ISR,ITA,JPN,KOR,MEX,MYS,NGA,NLD,NOR,NZL,PAK,PER,PHL,POL,PRT,ROU,RUS,SAU,SGP,SWE,THA,TUR,USA,VNM,ZAF
1.0,0.5186639620716772,0.6594061277903652,0.3993366660656457,0.47440256615436294,0.2626495220692943,0.38067557268527097,0.7637931329757166,0.5539208389203862,0.38228760103425274,0.09339406439720196,0.6344140122305547,0.41484895745327244,0.5288157835697168,0.28015207963325145,0.3795996166543341,0.7337944887353727,0.5454490714791128,0.6732931998374039,0.6604868781216563,0.45071124924007744,0.13530893288336504,0.38960151034410645,0.6742629580112759,0.4061135872345911,0.39949281423206773,0.6504614781535001,0.10222022028018321,0.28140597860942984,0.2896249051790773,0.5700591433591174,0.3850615979945457,0.6908473973443906,0.44657879777978393,0.6406504465821622,0.18411646785906025,0.39344300056433257,-0.11276157581603205,0.4709918046534439,0.5861569954345713,0.31294613780416913,0.49284296761999324,0.7058910739470163,0.6197522771946046,0.5049061270972235,0.21516664371386587,0.5819630820017693,0.6458606069914223,0.49318880312789676,0.5534674533400153
0.5186639620716772,1.0,0.7608750126407505,0.3081697544821446,0.19033161141551405,0.4888084934313462,0.6412386805606446,0.3303550424547769,0.6112198943768141,0.6929130066987922,0.038124678214987884,0.7028669949388857,0.21068644569990244,0.549532980992084,0.09786362908632905,0.3380454361117786,0.45199057030814405,0.15494527032154684,0.2650744404606584,0.19267252560776493,0.18295190637939468,-0.0958889163373469,0.5534665185816565,0.23318004168677725,0.49931245163272236,0.42427965347011204,0.23185176524526432,0.11318799896088094,0.2403705025749357,0.5319026163704221,0.38039863822032954,0.5925293977134231,0.31634633499634474,0.23691842665188922,0.7153112387913709,0.2842927674522232,0.4054370467880791,-0.5140648747111484,0.2831955682157343,0.3909477941714321,0.26046632486626986,0.1919434853349871,0.6046936075927186,0.7037712621906581,0.18845112305399575,0.5578227255832623,0.4089948899465844,0.6151054506307575,0.7037426495330541,0.5945029422324801
0.6594061277903652,0.7608750126407505,1.0,0.45322905006321207,0.3551836527998292,0.5009787170566563,0.5531284773507915,0.5372898784970471,0.647688690202846,0.631528417994309,0.135322130575482,0.810857746290131,0.3483095050125116,0.687177557077381,0.2856749603842063,0.2757023863006251,0.5720173398254078,0.28335843570970937,0.3667462797223272,0.4675567041269084,0.33144126688091285,0.004932303091194586,0.7016841622416287,0.47131294696035714,0.43145125717131266,0.45179508507609084,0.4707401585910474,0.11367189565948499,0.29671335816563327,0.6198167289286363,0.45522814931378597,0.74921965012435,0.3080903603556635,0.4159703347060876,0.8789467357558555,0.2498202466107958,0.4971185953437967,-0.4394073827765994,0.48322074230743584,0.5567326742770498,0.35708392181265763,0.3445039263666618,0.5637692763005631,0.7872217986522517,0.32155224165797497,0.4810588936685996,0.490796771764181,0.7219602835478734,0.5736123934179458,0.6099945203290396
0.3993366660656457,0.3081697544821446,0.45322905006321207,1.0,0.15890231650552886,0.19676840941322177,0.052354824295019475,0.42583250581014687,0.3310962073600812,0.2907609535788098,0.12202289279786972,0.33228755480376987,0.18171543136333662,0.3759070851337105,0.05385575860564119,0.08285596932897861,0.5340367036468653,0.162636131749188,0.4068083727355962,0.48081325901491523,0.23554397941207555,0.061268064411536385,0.3446187786227025,0.45649254652067195,0.2090709501282558,0.2429837620325946,0.44585535020872025,-0.021475630826095972,-0.1507612495762092,0.20212995616366933,0.37865678376421374,0.4391522376807627,0.32353742198591656,0.20593213152051695,0.4501005577086921,0.19604840135632892,0.23747708395509948,-0.1273137490309195,0.27743503638509365,0.4145329661888462,0.30846761971161735,0.17046258042433862,0.3626730263081257,0.5233025558845331,0.21592578033634663,0.059503478031276306,0.5429838152819841,0.30966804672046905,0.1927343245938565,0.16084275004171675
0.47440256615436294,0.19033161141551405,0.3551836527998292,0.15890231650552886,1.0,0.243755722026788,0.031128043249439467,0.4731126569919009,0.1526769282527243,0.22199378374843004,-0.022613792400124837,0.30364790833045857,0.22034833479823854,0.28382623279744845,0.032578685308993355,0.3492222836046074,0.3004861347697925,0.17232635126303805,0.3188400080911496,0.5241050072179954,0.22386499680843713,0.09222403538376854,0.17520422720140572,0.4588577436394064,0.2680838038013003,0.11408525380873144,0.3958383952753637,-0.07314149307218504,0.05015826358294776,0.12373471047709463,0.3717261906917847,0.17237168686125512,0.3821304284656856,0.27606045313457095,0.21026344787105133,0.16372173456172992,0.05524646820770899,-0.16986399697442656,0.2450926260615685,0.35523016603306207,0.006919683841175881,0.39184417778286074,0.2800801395910045,0.3672458297596452,0.4145360290333231,0.05452518698628458,0.3353869636271052,0.303787265294898,0.09757798377002715,0.10554241282578472
0.2626495220692943,0.4888084934313462,0.5009787170566563,0.19676840941322177,0.243755722026788,1.0,0.44926386631183024,0.06357713947428446,0.27940535269309463,0.7194102528088738,0.14014384847494335,0.4023901433775599,0.22918121553783713,0.3942236279259936,-0.13383328715882237,0.22318494448446605,0.24727142365312044,0.03150903865974631,0.012052306468771092,0.1422488653576831,0.06718536688353982,-0.11403299087098098,0.5742489170568099,0.20171929511044562,0.11629807608590846,0.36568069814853077,0.34005619324170583,0.23736479306150404,0.036548747336529894,0.31059341931058637,0.40810533724734566,0.535249534785087,0.0985303416249101,-0.05413988005154118,0.5205406684050531,0.6556556150218812,0.278021780824844,-0.39464917460815746,0.09290805422841002,0.2900638380500272,-0.06231207372545927,0.2397501280213599,0.26666351889866957,0.4703599934192072,-0.00013621000173396407,0.3469326153120304,0.1888377917086752,0.23428232984725314,0.4532596490024673,0.40943182153790286
0.38067557268527097,0.6412386805606446,0.5531284773507915,0.052354824295019475,0.031128043249439467,0.44926386631183024,1.0,0.15803645732536695,0.3355860739305425,0.6369907228198984,0.2965606727967755,0.6534777005580555,0.20401429335936755,0.45296377500299695,0.030882942923930897,0.06900385940716332,0.2077418787970983,0.11854731365892014,-0.018776487127187057,0.08013560321700361,0.13129574375654948,-0.14812298371721286,0.40311223177879757,0.13506486095274758,0.1439792088785151,0.37337248403323503,0.12665932708055205,0.5010848909518321,0.34274883279840646,0.38567205532229254,0.17423620544834126,0.33853924444563294,0.17639375186106837,0.06824635282108094,0.51608558240701,0.3292486018663971,0.5373441480947628,-0.2886742941065569,0.03202554319843297,0.3290941678146604,-0.00611452063180197,0.21530871448627184,0.3256563728296227,0.3580113976959985,0.04123044789727033,0.5713713567257256,0.13389653891213693,0.4197882624134871,0.6232705830033892,0.5192100864673043
0.7637931329757166,0.3303550424547769,0.5372898784970471,0.42583250581014687,0.4731126569919009,0.06357713947428446,0.15803645732536695,1.0,0.35325449270011,0.1417364338136565,0.037708446213543544,0.4750489099574715,0.3846225778410437,0.4378421240534274,0.38401597780277974,0.3238065345864081,0.7025009457444666,0.4878689411808313,0.6660411272372648,0.7371993514963774,0.3517025666269959,0.11383581304585999,0.20167049718236807,0.6704123838187922,0.4493250539902928,0.23303760495336004,0.540959995972611,-0.1447473791740173,0.267314206020121,0.20937366705237515,0.4305308181306588,0.25447944011867124,0.5205357468388958,0.5061010039797792,0.44742720382614865,0.08967394043445064,0.33341986306014615,-0.10404321424982822,0.5189147086894679,0.539716631652228,0.22716836256932052,0.47998905729208396,0.46664426483972393,0.5100802446620052,0.4953553261961822,0.13130466649752323,0.624777469984792,0.5886691596834649,0.3147313933971392,0.24539119275037505
0.5539208389203862,0.6112198943768141,0.647688690202846,0.3310962073600812,0.1526769282527243,0.27940535269309463,0.3355860739305425,0.35325449270011,1.0,0.41848018072531756,0.0034259625506805895,0.5876863783618729,0.3634155957157495,0.39433795038403396,0.3906656588515519,0.12729045248872178,0.4767072114586977,0.46633649191556925,0.4677267750695785,0.30637706580362706,0.1991171970402485,-0.08604502334995781,0.5222938544306951,0.36745788644033106,0.4201403451067628,0.35979636513902313,0.28912572208167386,-0.010925951161238482,0.05217543943014301,0.5119486165100383,0.2225553075663648,0.49928743294544226,0.26354724828406817,0.4578472727384422,0.5830049501121561,0.28662969798338783,0.2592900203380092,-0.15436995036462092,0.3666169565486776,0.34641140650063873,0.34985828772051847,0.2932368413528716,0.5929294190112944,0.5661007470698017,0.3240460306246775,0.38852226173152277,0.38956653727004936,0.6120935052500315,0.3820098273634401,0.5244295499023233
0.38228760103425274,0.6929130066987922,0.631528417994309,0.2907609535788098,0.22199378374843004,0.7194102528088738,0.6369907228198984,0.1417364338136565,0.41848018072531756,1.0,0.16703343085476727,0.5624289845675203,0.2616405558292764,0.5467637428941399,0.005361528183008151,0.20050077630609525,0.267249593534225,0.13529810790131805,0.06910063199041576,0.16393144545262478,0.20168108071582627,-0.1645256045822183,0.5925894772783132,0.2452287946452485,0.1968146221130012,0.304689382929603,0.21529391701991143,0.33709670928175606,0.2126383211057122,0.4622923365839164,0.3073974748330677,0.5157987242720713,0.2396479853198572,0.08133815788413744,0.643935929798777,0.5127954994911491,0.49027843109606667,-0.40601312838936016,0.1667749155820511,0.31745943167455104,0.13942948233015515,0.15248632360176292,0.3652448165972135,0.4967947008220278,0.18995784558530515,0.45402156162655277,0.24191243535541698,0.4366488291161085,0.5844659488399594,0.5366022514314214
0.09339406439720196,0.038124678214987884,0.135322130575482,0.12202289279786972,-0.022613792400124837,0.14014384847494335,0.2965606727967755,0.037708446213543544,0.0034259625506805895,0.16703343085476727,1.0,0.2737410675650079,0.14011268625325407,0.1250748464181039,-0.14741064608143742,-0.059801426668227214,-0.0551510188332246,0.03606504612167398,0.021102551192800436,-0.055706230851577644,0.304221768754209,0.17555644736662754,0.15276444030195838,0.0350909644715998,-0.06275812979370578,0.17876527204818482,0.07830156268676244,0.2597085372104062,0.2502864913184141,0.1883009156558535,-0.06330350032606503,-0.04371877647995052,0.1813433875566571,0.01286675111795928,0.163489535773359,0.19971959010024554,0.3324559525117024,0.23917799133671688,-0.10406257079237473,-0.025911148557705387,0.14919020006406541,0.09466749018198542,0.10675522617191312,0.00502420510373963,0.16581351720230375,0.2284490940411914,-0.05173882286271474,0.24428803463319518,0.21711433058514157,0.38799916488734526
0.6344140122305547,0.7028669949388857,0.810857746290131,0.33228755480376987,0.30364790833045857,0.4023901433775599,0.6534777005580555,0.4750489099574715,0.5876863783618729,0.5624289845675203,0.2737410675650079,1.0,0.271129917549278,0.5924816051994632,0.31566958037283877,0.2140715683190136,0.41023476774372125,0.302791494421567,0.288427995697662,0.28466488123345673,0.2601250954278201,0.1503393926749645,0.5917069098093318,0.30305970966383805,0.5006810178773851,0.45240484811374687,0.35639763377492967,0.0715886239609236,0.19729278718152102,0.632929392321756,0.34016400409027425,0.5217048565190084,0.2877349364344993,0.4687035874646599,0.7382135265115634,0.2555541091489648,0.5725844249961275,-0.3396391335104069,0.2891433601646175,0.46883292815960215,0.28808821327083367,0.3602900507865695,0.591318542648846,0.6502765104738653,0.3221654838184039,0.5398159860697528,0.4451550403168584,0.7367069564582291,0.5681135231928587,0.602921347391988
0.41484895745327244,0.21068644569990244,0.3483095050125116,0.18171543136333662,0.22034833479823854,0.22918121553783713,0.20401429335936755,0.3846225778410437,0.3634155957157495,0.2616405558292764,0.14011268625325407,0.271129917549278,1.0,0.26817419158278094,-0.07011506405368938,-0.03871394588927542,0.30074317511046983,0.3730467764497963,0.3382373561723251,0.47558787470600467,0.17491729560735744,-0.08918124931629934,0.35807492519016515,0.4922981091927917,0.2805341900446345,0.12115835595831353,0.3248618092075897,0.08140700065811075,0.0556101321315394,0.23448068732597055,0.24947685531720148,0.29104875908971195,0.2401459230232131,0.20661557483598525,0.26662411398489927,0.15883916857931327,0.33654302100676364,-0.0678739389612076,0.24120694392292208,0.37544303454909217,0.30271479196204926,0.1625632952808378,0.2783752124078964,0.2950503495488936,0.34128199334325615,0.10388142566314845,0.3521494023190767,0.22182174113045905,0.24443059804573808,0.21564193568163012
0.5288157835697168,0.549532980992084,0.687177557077381,0.3759070851337105,0.28382623279744845,0.3942236279259936,0.45296377500299695,0.4378421240534274,0.39433795038403396,0.5467637428941399,0.1250748464181039,0.5924816051994632,0.26817419158278094,1.0,0.265837024332179,0.1692352576978323,0.43558891939189187,0.3434840251658027,0.4972015766547828,0.5415810584121737,0.1820193811377146,0.04735548569014685,0.5713922663059883,0.46475891845887995,0.30365208415970346,0.25107216337175386,0.3366556799455667,0.32488092449755884,0.2599389255403492,0.3476863005548903,0.5192728006580292,0.679386624169605,0.4067299840616745,0.30480013150466234,0.6086101996633371,0.33895027654975085,0.43052621858781476,-0.2714005960163755,0.37279532562918843,0.536838397742198,0.26207895059476294,0.25563089644473197,0.36167204324546676,0.6008618042403598,0.3037328698305811,0.4265730298937332,0.36613263105780247,0.3936492645699456,0.3866700456416041,0.476707697258879
0.28015207963325145,0.09786362908632905,0.2856749603842063,0.05385575860564119,0.032578685308993355,-0.13383328715882237,0.030882942923930897,0.38401597780277974,0.3906656588515519,0.005361528183008151,-0.14741064608143742,0.31566958037283877,-0.07011506405368938,0.265837024332179,1.0,0.02715379286273883,0.2544144912798995,0.41784750641452645,0.2830277335676077,0.23461828317361402,0.07673902852565447,0.15447159853649,-0.050962349964745815,0.2045489001272644,0.2673734779428827,-0.06910819371454105,0.0689583080338065,-0.2617740315241935,0.1324004181879724,0.10735131101043932,0.02805002430784272,0.1216546659376809,0.1916293166001397,0.577523071340973,0.2675009667321313,-0.11982687526067443,0.16847786961976077,0.04005036007690471,0.2966239740888645,0.13797220515983655,-0.009674739732748584,0.28064487103157276,0.24295400439625206,0.09904846552074233,0.337046233784847,0.1664931813275535,0.2123094922532632,0.4098803439298589,-0.08337296911101519,0.14807607534711534
0.3795996166543341,0.3380454361117786,0.2757023863006251,0.08285596932897861,0.3492222836046074,0.22318494448446605,0.06900385940716332,0.3238065345864081,0.12729045248872178,0.20050077630609525,-0.059801426668227214,0.2140715683190136,-0.03871394588927542,0.1692352576978323,0.02715379286273883,1.0,0.4266315624562128,0.10295073949014281,0.14932509491946808,0.18930199175548246,-0.05377856253687313,-0.20009377446431514,0.10380921349344728,0.14656403134184667,0.17269123479939927,0.09602562507429879,0.1987282897536346,-0.04160100533169244,0.2056240666076394,-0.11693794064305084,0.46158532553235254,0.2995823121507229,0.20914493938062642,0.1306558543940167,0.1642081441407648,0.0027038898106117085,-0.0596485172421685,-0.45563401918553464,0.16643866322917628,0.16697161479927414,0.13296028741882202,0.4100066994237356,0.4119316927829885,0.3667166906693073,0.21217114883937044,-0.18021924897982025,0.3565755264049893,0.017835036809549967,0.29664055562669156,0.05453639362312068
0.7337944887353727,0.45199057030814405,0.5720173398254078,0.5340367036468653,0.3004861347697925,0.24727142365312044,0.2077418787970983,0.7025009457444666,0.4767072114586977,0.267249593534225,-0.0551510188332246,0.41023476774372125,0.30074317511046983,0.43558891939189187,0.2544144912798995,0.4266315624562128,1.0,0.5321242392400378,0.667808986103493,0.6718386085761365,0.44910712575911405,0.12550455494320426,0.2586178784922278,0.7305147904705754,0.3189056259645437,0.26070853494184754,0.7614659958884425,0.07092696341135422,0.1986248413329982,0.2311623888142957,0.5842762569641997,0.423746918514101,0.5688735589418642,0.40454830938769626,0.476283173280817,0.10526975137504359,0.08573643596477934,-0.07332111633008298,0.6249684224923774,0.6224901561124984,0.25734627581141184,0.5376331893071962,0.6083234989052824,0.5525971734587459,0.4339076850400438,-0.0004924386422287266,0.5531809886210399,0.426654395175827,0.3346944543400264,0.39925889923370195
0.5454490714791128,0.15494527032154684,0.28335843570970937,0.162636131749188,0.17232635126303805,0.03150903865974631,0.11854731365892014,0.4878689411808313,0.46633649191556925,0.13529810790131805,0.03606504612167398,0.302791494421567,0.3730467764497963,0.3434840251658027,0.41784750641452645,0.10295073949014281,0.5321242392400378,1.0,0.5487791730662964,0.4013749816552269,0.409269257702647,0.17741659598418544,0.21100776793849027,0.42192251187809393,0.17674959565706527,0.03363392319006447,0.39179564445781695,0.03605119428812852,0.28981867271344247,0.14044001373856368,0.2578748665306616,0.10134057644621601,0.4268655982278663,0.5002204456436584,0.24911100427850147,0.04716207202519316,0.17297919350828939,0.3423634100395246,0.36492617787185644,0.2921015800673173,0.32629692835454016,0.49019907123307405,0.28308802706327973,0.2573361279877001,0.6151508426075557,0.1328413128409502,0.2451110255048253,0.3677268699727666,0.1330482051051315,0.40144824583129785
0.6732931998374039,0.2650744404606584,0.3667462797223272,0.4068083727355962,0.3188400080911496,0.012052306468771092,-0.018776487127187057,0.6660411272372648,0.4677267750695785,0.06910063199041576,0.021102551192800436,0.288427995697662,0.3382373561723251,0.4972015766547828,0.2830277335676077,0.14932509491946808,0.667808986103493,0.5487791730662964,1.0,0.6487388825233847,0.2941299713604249,0.20674165303102623,0.24817934959541849,0.7335691225040648,0.34149315867527397,0.20718102535866184,0.5056192293572289,-0.05052913741168822,0.07510921991744089,0.24232140060975405,0.48632172745337876,0.31653846220782894,0.5679311004146156,0.36553605214697377,0.36067353323044576,0.17707241836323756,0.06712087454633194,0.09334793342816798,0.5792188773676966,0.5533326755105917,0.2934909156962516,0.46868847757818166,0.4481154131783943,0.5212851216089129,0.3539221041053507,-0.06688922693571484,0.6147489445963695,0.3360488473215735,0.202093601152166,0.28692801957058855
0.6604868781216563,0.19267252560776493,0.4675567041269084,0.48081325901491523,0.5241050072179954,0.1422488653576831,0.08013560321700361,0.7371993514963774,0.30637706580362706,0.16393144545262478,-0.055706230851577644,0.28466488123345673,0.47558787470600467,0.5415810584121737,0.23461828317361402,0.18930199175548246,0.6718386085761365,0.4013749816552269,0.6487388825233847,1.0,0.29373438925049855,0.11938233581909277,0.2100864982460814,0.8307670468725212,0.17642775974498567,0.25899874789799027,0.6554060643802568,0.05230299453449388,0.1467628751244787,0.07129282981598038,0.5453516140868304,0.40800772194244855,0.5314554065296176,0.44725115737181437,0.3117719293854759,0.20768296975037834,0.20801021874349754,-0.00043711557824674895,0.5689963348425665,0.5433746042593615,0.20565322603272804,0.3087777611108206,0.26475149988898333,0.43422316350222695,0.4392702229818317,0.005624839498894451,0.5268845669137278,0.2912189029770311,0.05714227770309828,0.12092183494637317
0.45071124924007744,0.18295190637939468,0.33144126688091285,0.23554397941207555,0.22386499680843713,0.06718536688353982,0.13129574375654948,0.3517025666269959,0.1991171970402485,0.20168108071582627,0.304221768754209,0.2601250954278201,0.17491729560735744,0.1820193811377146,0.07673902852565447,-0.05377856253687313,0.44910712575911405,0.409269257702647,0.2941299713604249,0.29373438925049855,1.0,0.4110240584073545,0.11467119950351291,0.4483583108966096,0.1355552404789205,0.1933526474740687,0.5027332146193815,0.2019647620875629,0.3442000474050923,0.3473389575566583,0.07959269659079836,0.055008546129524244,0.541788551427395,0.2431779186469126,0.3345992625606232,-0.05252959408674343,0.18853187237267685,0.44548463639003205,0.2663243593556661,0.20567612958685036,0.3601729179482101,0.29189266718000534,0.2561743166192857,0.1836306492842065,0.5089429487306728,0.2398844329611554,-0.001295895555576943,0.46487160951514334,0.028662648312088097,0.5488683852199736
0.13530893288336504,-0.0958889163373469,0.004932303091194586,0.061268064411536385,0.09222403538376854,-0.11403299087098098,-0.14812298371721286,0.11383581304585999,-0.08604502334995781,-0.1645256045822183,0.17555644736662754,0.1503393926749645,-0.08918124931629934,0.04735548569014685,0.15447159853649,-0.20009377446431514,0.12550455494320426,0.17741659598418544,0.20674165303102623,0.11938233581909277,0.4110240584073545,1.0,-0.28546376929598877,0.21643050346229525,0.17871985530131826,-0.13685380914277667,0.4348283355154915,-0.09937311114864816,0.0485553091919714,0.2006829186332005,0.2145007754424496,-0.21199961357844427,0.40293928085302483,0.2572100887505934,0.06402479379852093,-0.07373282974762978,0.09076683256736566,0.4854896926794661,0.1876435961611605,0.05367351935653534,0.021048521190963645,0.2046744949508679,-0.02655196061492276,-0.029437109794218062,0.19625366705116906,0.0545579171671242,-0.13216852073931085,0.2696507127382403,-0.24593421270366694,0.2989620041079732
0.38960151034410645,0.5534665185816565,0.7016841622416287,0.3446187786227025,0.17520422720140572,0.5742489170568099,0.40311223177879757,0.20167049718236807,0.5222938544306951,0.5925894772783132,0.15276444030195838,0.5917069098093318,0.35807492519016515,0.5713922663059883,-0.050962349964745815,0.10380921349344728,0.2586178784922278,0.21100776793849027,0.24817934959541849,0.2100864982460814,0.11467119950351291,-0.28546376929598877,1.0,0.18873660263046257,0.24272717477803016,0.47715821974785183,0.20162198900628955,0.23701739316441395,0.17835837340754412,0.4587280827738034,0.2635616971813288,0.7043324610249262,0.06263304889274286,0.2002640053297874,0.7114388592499595,0.4498469796011376,0.34211426744387124,-0.43011297245775315,0.2062627684000426,0.417464355373222,0.3036016185014794,0.12167577150721448,0.47359143199075365,0.7010500040914212,0.20398238638769478,0.4630683823795631,0.32144748439241083,0.397075752696481,0.5770094442719187,0.4655022044881548
0.6742629580112759,0.23318004168677725,0.47131294696035714,0.45649254652067195,0.4588577436394064,0.20171929511044562,0.13506486095274758,0.6704123838187922,0.36745788644033106,0.2452287946452485,0.0350909644715998,0.30305970966383805,0.4922981091927917,0.46475891845887995,0.2045489001272644,0.14656403134184667,0.7305147904705754,0.42192251187809393,0.7335691225040648,0.8307670468725212,0.4483583108966096,0.21643050346229525,0.18873660263046257,1.0,0.22401147981000918,0.23999236410356603,0.6689570249381123,0.07401948670730464,0.06620884098815084,0.18792924422732438,0.534117736388119,0.3619736663702395,0.6132894793071739,0.3799509260564958,0.39116782691308105,0.18115783032120328,0.17282606121911118,0.0858121698910022,0.5825333658709877,0.6065221015882113,0.20923065264895838,0.4485534008987435,0.3405064672874302,0.4826903070242066,0.4250287651578024,-0.02070210941656582,0.5179757379519125,0.3440029550946104,0.11837446113343313,0.3052176005059195
0.4061135872345911,0.49931245163272236,0.43145125717131266,0.2090709501282558,0.2680838038013003,0.11629807608590846,0.1439792088785151,0.4493250539902928,0.4201403451067628,0.1968146221130012,-0.06275812979370578,0.5006810178773851,0.2805341900446345,0.30365208415970346,0.2673734779428827,0.17269123479939927,0.3189056259645437,0.17674959565706527,0.34149315867527397,0.17642775974498567,0.1355552404789205,0.17871985530131826,0.24272717477803016,0.22401147981000918,1.0,0.033549772633635906,0.23437112565070406,-0.27360668133994503,0.029247879765692746,0.2844809363977039,0.35683314614135164,0.1914673616203607,0.37182043071287246,0.5018188430854446,0.4722116391912267,0.1608296043161178,0.17647384276145894,-0.3059851502165778,0.31506319160112733,0.4462697607422283,0.3424756935687161,0.1524200327738787,0.5236780651473221,0.5031149284528904,0.1772463924067336,0.16989103648839335,0.4804017201804265,0.5243405159914891,0.39151850965324414,0.30649298943196546
0.39949281423206773,0.42427965347011204,0.45179508507609084,0.2429837620325946,0.11408525380873144,0.36568069814853077,0.37337248403323503,0.23303760495336004,0.35979636513902313,0.304689382929603,0.17876527204818482,0.45240484811374687,0.12115835595831353,0.25107216337175386,-0.06910819371454105,0.09602562507429879,0.26070853494184754,0.03363392319006447,0.20718102535866184,0.25899874789799027,0.1933526474740687,-0.13685380914277667,0.47715821974785183,0.23999236410356603,0.033549772633635906,1.0,0.1472978773675253,0.05907934570558862,0.03956463384548448,0.29061619543832856,0.18468747346379524,0.408342360152767,0.04536358464155708,0.10342540270874694,0.4476275704440435,0.2918274926622009,0.30269824235027454,-0.2595047046408657,0.06481071617845198,0.13780556949138167,0.230211118746575,-0.011775250507165547,0.31859396793393724,0.4787188326913549,-0.008789723537187363,0.30663943741465133,0.21592050299494034,0.3614117494782758,0.44019666818214076,0.3623146581429589
0.6504614781535001,0.23185176524526432,0.4707401585910474,0.44585535020872025,0.3958383952753637,0.34005619324170583,0.12665932708055205,0.540959995972611,0.28912572208167386,0.21529391701991143,0.07830156268676244,0.35639763377492967,0.3248618092075897,0.3366556799455667,0.0689583080338065,0.1987282897536346,0.7614659958884425,0.39179564445781695,0.5056192293572289,0.6554060643802568,0.5027332146193815,0.4348283355154915,0.20162198900628955,0.6689570249381123,0.23437112565070406,0.1472978773675253,1.0,0.12062104520298786,0.11763121076889556,0.27817887277244946,0.5496999513556147,0.2687067317676042,0.5273601900451612,0.31548704887596873,0.43685951327197664,0.09977574045655473,0.08408702584758475,0.1345120652810303,0.5891316376476236,0.5413362873868663,0.16307578445628393,0.4484326463525862,0.38408667888784204,0.3696306894456388,0.3810781669247503,-0.026642550519456017,0.3601866970042561,0.39142024649989415,0.15566964596946473,0.4160275990771946
0.10222022028018321,0.11318799896088094,0.11367189565948499,-0.021475630826095972,-0.07314149307218504,0.23736479306150404,0.5010848909518321,-0.1447473791740173,-0.010925951161238482,0.33709670928175606,0.2597085372104062,0.0715886239609236,0.08140700065811075,0.32488092449755884,-0.2617740315241935,-0.04160100533169244,0.07092696341135422,0.03605119428812852,-0.05052913741168822,0.05230299453449388,0.2019647620875629,-0.09937311114864816,0.23701739316441395,0.07401948670730464,-0.27360668133994503,0.05907934570558862,0.12062104520298786,1.0,0.4369885112647338,0.16440077152453378,0.010802839683576725,0.18859860201899295,0.11791350255859612,-0.09354285036397994,0.13494662172933625,0.15761166715151365,0.1614142956737293,0.14970894165805634,0.0216145987132199,0.09845832681893647,-0.1260910380742959,0.027523698380216437,-0.004482556564829966,-0.05045007960010264,0.0608008746323735,0.23122833590280317,-0.27318115781564256,-0.043163280671537144,0.22088811258357605,0.35989908321782293
0.28140597860942984,0.2403705025749357,0.29671335816563327,-0.1507612495762092,0.05015826358294776,0.036548747336529894,0.34274883279840646,0.267314206020121,0.05217543943014301,0.2126383211057122,0.2502864913184141,0.19729278718152102,0.0556101321315394,0.2599389255403492,0.1324004181879724,0.2056240666076394,0.1986248413329982,0.28981867271344247,0.07510921991744089,0.1467628751244787,0.3442000474050923,0.0485553091919714,0.17835837340754412,0.06620884098815084,0.029247879765692746,0.03956463384548448,0.11763121076889556,0.4369885112647338,1.0,0.13231193109011663,0.03635546274815631,0.0999814185584285,0.34163727968345203,0.3007761359497095,0.23289134361847208,0.006239774132781249,0.2011237262247541,0.11731565501482034,0.08179598393877395,0.10594821640386726,0.10617206274197989,0.1780262179207609,0.15072012879536426,0.0328858575239581,0.35152264418182344,0.27406390049098717,0.008270304148086367,0.31212019613084235,0.3145078131783383,0.35958623583807336
0.2896249051790773,0.5319026163704221,0.6198167289286363,0.20212995616366933,0.12373471047709463,0.31059341931058637,0.38567205532229254,0.20937366705237515,0.5119486165100383,0.4622923365839164,0.1883009156558535,0.632929392321756,0.23448068732597055,0.3476863005548903,0.10735131101043932,-0.11693794064305084,0.2311623888142957,0.14044001373856368,0.24232140060975405,0.07129282981598038,0.3473389575566583,0.2006829186332005,0.4587280827738034,0.18792924422732438,0.2844809363977039,0.29061619543832856,0.27817887277244946,0.16440077152453378,0.13231193109011663,1.0,0.0015233925542461825,0.3904603798845908,0.06961786641999948,0.19147937976957152,0.539998560176613,0.09443720422738527,0.24531466583591896,-0.08392989843563677,0.2645436217844084,0.270254900277188,0.19243493971463607,0.16733708296962868,0.2672626925078597,0.3783098760959528,0.2211201904868922,0.37869237686980284,0.12338473684147704,0.5847864484106664,0.36763207991724806,0.5713399444112206
0.5700591433591174,0.38039863822032954,0.45522814931378597,0.37865678376421374,0.3717261906917847,0.40810533724734566,0.17423620544834126,0.4305308181306588,0.2225553075663648,0.3073974748330677,-0.06330350032606503,0.34016400409027425,0.24947685531720148,0.5192728006580292,0.02805002430784272,0.46158532553235254,0.5842762569641997,0.2578748665306616,0.48632172745337876,0.5453516140868304,0.07959269659079836,0.2145007754424496,0.2635616971813288,0.534117736388119,0.35683314614135164,0.18468747346379524,0.5496999513556147,0.010802839683576725,0.03635546274815631,0.0015233925542461825,1.0,0.4278496691927164,0.5350164618022546,0.2352078227390885,0.4581789934660889,0.40840165090285285,0.13320788330923575,-0.32814539704584844,0.43154173493672426,0.5809411465382122,0.29930662236894806,0.38752157825558026,0.3909056591682362,0.6305931016570068,0.09184038066385472,-0.07913089494676272,0.5018986048069652,0.148313141162854,0.36703356908400975,0.26919700495778615
0.3850615979945457,0.5925293977134231,0.74921965012435,0.4391522376807627,0.17237168686125512,0.535249534785087,0.33853924444563294,0.25447944011867124,0.49928743294544226,0.5157987242720713,-0.04371877647995052,0.5217048565190084,0.29104875908971195,0.679386624169605,0.1216546659376809,0.2995823121507229,0.423746918514101,0.10134057644621601,0.31653846220782894,0.40800772194244855,0.055008546129524244,-0.21199961357844427,0.7043324610249262,0.3619736663702395,0.1914673616203607,0.408342360152767,0.2687067317676042,0.18859860201899295,0.0999814185584285,0.3904603798845908,0.4278496691927164,1.0,0.09728437782791222,0.19012855513455118,0.588518425265076,0.3207678837085115,0.23405626162030177,-0.5413230766275346,0.314101156336862,0.39707070444015025,0.28147651563429493,0.16475957311079714,0.40087068377697704,0.6406107333466143,0.09228489133911745,0.24322901648867706,0.3862798752334251,0.2857665970814908,0.3274904221658022,0.2579059768730629
0.6908473973443906,0.31634633499634474,0.3080903603556635,0.32353742198591656,0.3821304284656856,0.0985303416249101,0.17639375186106837,0.5205357468388958,0.26354724828406817,0.2396479853198572,0.1813433875566571,0.2877349364344993,0.2401459230232131,0.4067299840616745,0.1916293166001397,0.20914493938062642,0.5688735589418642,0.4268655982278663,0.5679311004146156,0.5314554065296176,0.541788551427395,0.40293928085302483,0.06263304889274286,0.6132894793071739,0.37182043071287246,0.04536358464155708,0.5273601900451612,0.11791350255859612,0.34163727968345203,0.06961786641999948,0.5350164618022546,0.09728437782791222,1.0,0.33042627954349674,0.33885836374541967,0.2132326819432961,0.2036981439530709,0.15258808635549032,0.27466432027175436,0.42882941625794757,0.24844872018614156,0.34194152320926957,0.5204480304734077,0.3677361593667828,0.5116011659993387,0.14431236554386206,0.3293234727378507,0.42987731615240254,0.19644187071015967,0.4934854370364635
0.44657879777978393,0.23691842665188922,0.4159703347060876,0.20593213152051695,0.27606045313457095,-0.05413988005154118,0.06824635282108094,0.5061010039797792,0.4578472727384422,0.08133815788413744,0.01286675111795928,0.4687035874646599,0.20661557483598525,0.30480013150466234,0.577523071340973,0.1306558543940167,0.40454830938769626,0.5002204456436584,0.36553605214697377,0.44725115737181437,0.2431779186469126,0.2572100887505934,0.2002640053297874,0.3799509260564958,0.5018188430854446,0.10342540270874694,0.31548704887596873,-0.09354285036397994,0.3007761359497095,0.19147937976957152,0.2352078227390885,0.19012855513455118,0.33042627954349674,1.0,0.370218115943986,-0.05308621743797109,0.22449087349905927,0.08445032182482672,0.32590912338429046,0.2506969057063831,0.24866423993677148,0.3073201825076186,0.4401437325378961,0.24081386198104165,0.5474912348808799,0.2217319395437513,0.27445167975060486,0.5777085992872423,0.06415412787213089,0.32033418307694145
0.6406504465821622,0.7153112387913709,0.8789467357558555,0.4501005577086921,0.21026344787105133,0.5205406684050531,0.51608558240701,0.44742720382614865,0.5830049501121561,0.643935929798777,0.163489535773359,0.7382135265115634,0.26662411398489927,0.6086101996633371,0.2675009667321313,0.1642081441407648,0.476283173280817,0.24911100427850147,0.36067353323044576,0.3117719293854759,0.3345992625606232,0.06402479379852093,0.7114388592499595,0.39116782691308105,0.4722116391912267,0.4476275704440435,0.43685951327197664,0.13494662172933625,0.23289134361847208,0.539998560176613,0.4581789934660889,0.588518425265076,0.33885836374541967,0.370218115943986,1.0,0.3067909094422562,0.5423427367158686,-0.39818920287445525,0.3962690677752608,0.4685679706010896,0.28192034050697673,0.2988568103419348,0.611758998655045,0.8044096875691672,0.19561661978554268,0.5030176782856969,0.42325828527439646,0.7128190204231541,0.6433510205619087,0.7214401134097961
0.18411646785906025,0.2842927674522232,0.2498202466107958,0.19604840135632892,0.16372173456172992,0.6556556150218812,0.3292486018663971,0.08967394043445064,0.28662969798338783,0.5127954994911491,0.19971959010024554,0.2555541091489648,0.15883916857931327,0.33895027654975085,-0.11982687526067443,0.0027038898106117085,0.10526975137504359,0.04716207202519316,0.17707241836323756,0.20768296975037834,-0.05252959408674343,-0.07373282974762978,0.4498469796011376,0.18115783032120328,0.1608296043161178,0.2918274926622009,0.09977574045655473,0.15761166715151365,0.006239774132781249,0.09443720422738527,0.40840165090285285,0.3207678837085115,0.2132326819432961,-0.05308621743797109,0.3067909094422562,1.0,0.24662369314665017,-0.23362513910828933,0.05238397460239569,0.23953082814523266,0.019651594448315084,0.06994925650645027,0.1521866101214999,0.4132416601157594,-0.16897485605488902,0.23229092263484152,0.26874481209456186,0.12513222805624072,0.3535591708530809,0.1784071193511602
0.39344300056433257,0.4054370467880791,0.4971185953437967,0.23747708395509948,0.05524646820770899,0.278021780824844,0.5373441480947628,0.33341986306014615,0.2592900203380092,0.49027843109606667,0.3324559525117024,0.5725844249961275,0.33654302100676364,0.43052621858781476,0.16847786961976077,-0.0596485172421685,0.08573643596477934,0.17297919350828939,0.06712087454633194,0.20801021874349754,0.18853187237267685,0.09076683256736566,0.34211426744387124,0.17282606121911118,0.17647384276145894,0.30269824235027454,0.08408702584758475,0.1614142956737293,0.2011237262247541,0.24531466583591896,0.13320788330923575,0.23405626162030177,0.2036981439530709,0.22449087349905927,0.5423427367158686,0.24662369314665017,1.0,-0.1254203978136306,0.14921726512583608,0.1398917046712468,0.06864059074658736,0.1979926042592208,0.2667802813905565,0.372851069153361,0.18109535773111504,0.6000767564469983,0.1737869405545289,0.5357081734468804,0.4025814374652257,0.46933224716032595
-0.11276157581603205,-0.5140648747111484,-0.4394073827765994,-0.1273137490309195,-0.16986399697442656,-0.39464917460815746,-0.2886742941065569,-0.10404321424982822,-0.15436995036462092,-0.40601312838936016,0.23917799133671688,-0.3396391335104069,-0.0678739389612076,-0.2714005960163755,0.04005036007690471,-0.45563401918553464,-0.07332111633008298,0.3423634100395246,0.09334793342816798,-0.00043711557824674895,0.44548463639003205,0.4854896926794661,-0.43011297245775315,0.0858121698910022,-0.3059851502165778,-0.2595047046408657,0.1345120652810303,0.14970894165805634,0.11731565501482034,-0.08392989843563677,-0.32814539704584844,-0.5413230766275346,0.15258808635549032,0.08445032182482672,-0.39818920287445525,-0.23362513910828933,-0.1254203978136306,1.0,0.04289204489813678,-0.21089523267394877,-0.03532242654826128,0.02158373689695013,-0.3244561658293344,-0.4993314651142544,0.2894237080166314,-0.11041567236939816,-0.3968877506585571,-0.08777719395189086,-0.4697858530020542,0.05718246791210655
0.4709918046534439,0.2831955682157343,0.48322074230743584,0.27743503638509365,0.2450926260615685,0.09290805422841002,0.03202554319843297,0.5189147086894679,0.3666169565486776,0.1667749155820511,-0.10406257079237473,0.2891433601646175,0.24120694392292208,0.37279532562918843,0.2966239740888645,0.16643866322917628,0.6249684224923774,0.36492617787185644,0.5792188773676966,0.5689963348425665,0.2663243593556661,0.1876435961611605,0.2062627684000426,0.5825333658709877,0.31506319160112733,0.06481071617845198,0.5891316376476236,0.0216145987132199,0.08179598393877395,0.2645436217844084,0.43154173493672426,0.314101156336862,0.27466432027175436,0.32590912338429046,0.3962690677752608,0.05238397460239569,0.14921726512583608,0.04289204489813678,1.0,0.5717202921718141,0.24794114738235642,0.23924512661512887,0.2176321493465372,0.46306065047531186,0.27001987430776003,-0.03517520903848003,0.4338213848844423,0.3164048702927234,0.20871214201468866,0.24900943633197337
0.5861569954345713,0.3909477941714321,0.5567326742770498,0.4145329661888462,0.35523016603306207,0.2900638380500272,0.3290941678146604,0.539716631652228,0.34641140650063873,0.31745943167455104,-0.025911148557705387,0.46883292815960215,0.37544303454909217,0.536838397742198,0.13797220515983655,0.16697161479927414,0.6224901561124984,0.2921015800673173,0.5533326755105917,0.5433746042593615,0.20567612958685036,0.05367351935653534,0.417464355373222,0.6065221015882113,0.4462697607422283,0.13780556949138167,0.5413362873868663,0.09845832681893647,0.10594821640386726,0.270254900277188,0.5809411465382122,0.39707070444015025,0.42882941625794757,0.2506969057063831,0.4685679706010896,0.23953082814523266,0.1398917046712468,-0.21089523267394877,0.5717202921718141,1.0,0.1445621401122081,0.4488743556485904,0.37843720568109124,0.6033535893120774,0.28366141870791695,0.08667647853422401,0.5822573994983375,0.29343186455218484,0.4441262966307834,0.29094351368550986
0.31294613780416913,0.26046632486626986,0.35708392181265763,0.30846761971161735,0.006919683841175881,-0.06231207372545927,-0.00611452063180197,0.22716836256932052,0.34985828772051847,0.13942948233015515,0.14919020006406541,0.28808821327083367,0.30271479196204926,0.26207895059476294,-0.009674739732748584,0.13296028741882202,0.25734627581141184,0.32629692835454016,0.2934909156962516,0.20565322603272804,0.3601729179482101,0.021048521190963645,0.3036016185014794,0.20923065264895838,0.3424756935687161,0.230211118746575,0.16307578445628393,-0.1260910380742959,0.10617206274197989,0.19243493971463607,0.29930662236894806,0.28147651563429493,0.24844872018614156,0.24866423993677148,0.28192034050697673,0.019651594448315084,0.06864059074658736,-0.03532242654826128,0.24794114738235642,0.1445621401122081,1.0,-0.13933010863914874,0.2142904818119484,0.3220290065757926,0.23528522285591552,-0.06775024026957065,0.3980573905688504,0.23137019737744025,0.1452310766543717,0.18683764792836044
