ARE,ARG,AUS,AUT,BEL,BGD,BRA,CAN,CHE,CHL,CHN,COL,CZE,DEU,DNK,EGY,ESP,FIN,FRA,GBR,HKG,IDN,IND,IRL,IRN,ISR,ITA,JPN,KOR,MEX,MYS,NGA,NLD,NOR,NZL,PAK,PER,PHL,POL,PRT,ROU,RUS,SAU,SGP,SWE,THA,TUR,USA,VNM,ZAF
1.0,0.284973124301687,0.22325360753812223,0.3076249718603036,0.3023674783826165,0.245314641353426,0.15844399731523442,0.20518279588093458,0.18921865599480617,0.24704590589653366,0.11856921711410696,0.3134474046372973,0.16107957861581923,0.18138973109435208,0.05933985348868286,0.45427018455393564,0.3026628907229699,0.392891444209013,-0.05266327895805849,0.1985922656978515,0.10145618732581214,0.3137625460224254,0.30210610108005254,0.22747720476021246,-0.12824667716816315,0.10163481736557267,0.3021567913257043,-0.05977533633023825,-0.016874538266736034,0.24206794457189185,0.2439483060859293,0.1449738763297225,-0.005894482722576741,0.27700710178847177,0.03322570330551421,0.3837947375857076,0.32515191865844895,-0.02755631488803265,0.2695481353525478,0.37744987473516384,0.2938224658240769,0.09407175555445083,0.32877555626318633,-0.12902878848474772,0.3374403458398281,-0.07523880405497693,0.28635229673331,0.2917847802196333,0.31193053280530575,0.13048294719095715
0.284973124301687,1.0,0.41901454643964586,0.321597150131583,0.32377140978725394,0.798281917900776,0.8423181674283451,0.32960427102840706,0.23145194929019228,0.8705974903854684,0.5653609378009107,0.8557266493653828,0.15271896956549771,0.5522170627315744,-0.31131256155939224,0.5491291798132554,0.6336136033394015,0.06866334644328483,0.1546771172301599,0.32221851191190226,0.41561943551673536,0.6079088089496064,0.07753791923709581,0.38700874169340943,-0.7124650459093008,0.32177811707506143,0.4804248141170908,0.19104285845557356,0.2683215654216225,0.9401212747115644,0.6582566475684893,-0.09840955183645532,0.5571882308422273,0.12930150397534884,0.43486209979707136,0.5251091864637208,0.9049536916573637,0.626709903738073,0.5715357505221068,0.5296654652729853,0.7637405007529493,0.6139903753425159,0.4676652095398348,-0.3179191413406913,0.1346441881207016,0.006549936489046103,0.8110704860821881,0.5364193483610202,0.8637495819557764,0.43546043168447574
0.22325360753812223,0.41901454643964586,1.0,0.13455253898001057,0.2502173588087986,0.3023305594439103,0.37030939177265443,0.25780802054993246,0.2470820870315943,0.4561689582605902,0.23964054918428998,0.39003486117705405,0.13724265644266498,0.271545506945577,-0.14426818540697062,0.41670379318902306,0.3852704587814536,0.1370932249649538,0.21661319450469946,0.24935389082617337,0.09052138903935758,0.49772967313484556,0.21050373648744347,0.13618656685840677,-0.3127027873176643,0.28054463240940386,0.3373577122376425,-0.010024272304759614,0.12029244519418004,0.45854239988780837,0.17250936224841018,0.11533180697626229,0.26554965597134195,0.07270053371703893,0.5390004644324836,0.17157795163689007,0.46443219333665303,0.35652613981357795,0.4876953208462293,0.4431802220362029,0.3354290297401363,0.24779865543181795,0.25087766862062993,-0.2748184255246886,0.143154708257266,0.09583134038121818,0.4177748805143685,0.49540612347455026,0.405090900600637,0.46705171064636214
0.3076249718603036,0.321597150131583,0.13455253898001057,1.0,0.502669568278373,0.24786889186815758,0.278069931530475,0.5026253830794003,0.3463191533834216,0.24688389406094638,0.14382897007936177,0.44466405891720817,0.24835936091498098,0.5258752664829129,0.08318605153524214,0.23816067789442197,0.3948618240560515,0.25037149291270394,0.08790780769403346,0.4285715175593466,0.17565215861063505,0.28141108370096146,0.2347784106104823,0.2704957158593842,-0.25359317733668074,0.04088652473735131,0.5150168006933895,-0.04473849118543453,-0.07485107275018747,0.26318892228840146,0.31543327047219993,0.08889756259480375,0.22053330515102063,0.25702465212257486,0.24048598620525793,0.33883404223947183,0.3776962988199417,0.23419440552493012,0.4879303777725943,0.5468902882125058,0.42204730234175797,0.194367697499515,0.07667298014797248,0.04092125595118235,0.3010455555666672,0.08600111382615343,0.27286203154106486,0.41260925661141207,0.3253491091633032,0.34893085478353253
0.3023674783826165,0.32377140978725394,0.2502173588087986,0.502669568278373,1.0,0.2523592201384192,0.31364887330824753,0.423802999151734,0.5572098557358565,0.2872969451955637,0.1838704323563763,0.39187284746983336,0.10634024022527634,0.41004804010443174,0.07357882701548284,0.3196657996730831,0.2758729352666353,0.15832279181088132,0.33445989916682983,0.4464294941049846,0.1320084408889779,0.23995386441959093,-0.031719316920233075,0.2688034793450166,-0.15719663072473397,0.10374418147375679,0.495539704088629,0.08979425229800614,0.031723815171731826,0.28307957930821925,0.3188610587244478,0.03006325860013281,0.049201148952157985,0.17016568222340278,0.27332431185817846,0.3510079045308743,0.3786589261705826,0.2143424368842715,0.3900579910856423,0.486744982832194,0.4414009267850188,0.2575211609763834,0.1939602194089838,0.1422923970043684,0.22087809833661579,0.2589268793686716,0.3152748828392063,0.3389804178653364,0.3176146801818131,0.36009823822850673
0.245314641353426,0.798281917900776,0.3023305594439103,0.24786889186815758,0.2523592201384192,1.0,0.6984513831187948,0.24145555826962306,0.0789229106357742,0.688509859237754,0.4531902983962814,0.594426747639085,-0.04244798717436818,0.38703677801171416,-0.2037986179416143,0.4448908415526977,0.45297291749372426,-0.038634356329852446,0.0802887724563814,0.22314415560621279,0.24595605388958372,0.5952374569886482,-0.13778697803226708,0.2384874804456728,-0.5744513987021245,0.28404888315687354,0.35031298488300827,0.06401965127626509,0.09095940520216388,0.8117016703170038,0.5154950116836304,-0.22096243120596837,0.46219628059723694,0.05386843050544424,0.4811832004328013,0.5524031945525917,0.7287245928532181,0.5328693335910201,0.45345750233121096,0.4461173762476038,0.5188442486323563,0.4144501372676129,0.39403048084017595,-0.312372009217673,0.15632901634848342,-0.0505349870529826,0.7912867637240842,0.42191735949316017,0.783268214903725,0.22353298377506367
0.15844399731523442,0.8423181674283451,0.37030939177265443,0.278069931530475,0.31364887330824753,0.6984513831187948,1.0,0.34246510690911874,0.32435724611220573,0.8038386077697605,0.5093387023405075,0.8270174079665289,0.09694583677378175,0.6347336609863945,-0.18819208943038992,0.368015725549086,0.505847937715466,-0.045992512596475355,0.2810927730426327,0.37107604983912984,0.35772587122985977,0.4132819808237259,0.00299105378063789,0.30934669543282134,-0.5828061337956908,0.24401938538793705,0.51383429449627,0.21882304859272192,0.2837256548430756,0.8633020356024479,0.4497217462667926,0.01777008989437859,0.6212685798709171,0.043793448811639185,0.49734051129495865,0.5004020551411161,0.8638464395079237,0.6130622096822644,0.5687386216249714,0.5681070519328368,0.7884645571896639,0.7266958389886102,0.48996918692016866,-0.32124926946376064,0.014211891296791998,-0.013197994235010403,0.7399644966680403,0.45159168675046707,0.7701006505184922,0.39829362136702606
0.20518279588093458,0.32960427102840706,0.25780802054993246,0.5026253830794003,0.423802999151734,0.24145555826962306,0.34246510690911874,1.0,0.44904811079949136,0.3188871270368829,0.23842516544379397,0.4442807375014248,0.1671991849405549,0.5026553208044112,0.04038748747859794,0.260424739827072,0.3874956496432504,0.21842519317743586,0.23444704022728088,0.5183256522189316,0.3319273248215944,0.18413971800861145,0.2134437902691159,0.380697557789102,-0.20586891884818267,0.08006430257318427,0.5121098390627454,0.12300775100607071,0.1437285409837315,0.3267335338315671,0.19994349353791785,0.29364515905864486,0.3073721458798936,0.21945314955862424,0.2695848120265386,0.3858737052777352,0.4085907608765063,0.24957917495033202,0.3710084602346891,0.6032380460497143,0.42836811443315875,0.1902482229747849,0.28711709007945035,0.1323469031162741,0.1893398162937642,0.290577678094802,0.2956376603677815,0.6300642598323867,0.34496702769698534,0.5157705894817222
0.18921865599480617,0.23145194929019228,0.2470820870315943,0.3463191533834216,0.5572098557358565,0.0789229106357742,0.32435724611220573,0.44904811079949136,1.0,0.2732561095315082,0.13437606129682095,0.3487248080424951,0.12632298159734015,0.45082399354643915,0.07953079430777843,0.11683386121597757,0.36213094837013,0.14218929481826525,0.6087302790060745,0.43495965604572645,0.128497694969906,-0.025866545437001127,0.11386777194857255,0.35794120726695855,-0.11576268232132975,0.08662357602119813,0.5077235145033965,0.08173274046345326,0.11460408060312603,0.23192990759504933,0.143958000959587,0.199135751626779,0.15790125730240415,0.18900093410506114,0.21622932349926005,0.11492057233272547,0.30373155420079895,0.22984595513460915,0.3604914730039006,0.355269203058809,0.3756952469063209,0.27109133466560736,0.21186164307668195,0.10639424771395031,0.17561187789131483,0.2740524364021613,0.13556598420775812,0.27366729774914056,0.21304561141593617,0.33498181538869515
0.24704590589653366,0.8705974903854684,0.4561689582605902,0.24688389406094638,0.2872969451955637,0.688509859237754,0.8038386077697605,0.3188871270368829,0.2732561095315082,1.0,0.5432831462726462,0.8246074021334691,0.14299841252974058,0.5298705328913353,-0.25929095330718605,0.55921864901105,0.5470524896903591,0.10142186009379206,0.17310706368733922,0.31554353030774956,0.34723306011959104,0.5250217490376773,0.1480435147077253,0.41856143304669535,-0.6332547282700639,0.24745699502852497,0.44970379934563937,0.147298891494092,0.2558787815075186,0.8767775583115766,0.5394969052027366,-0.005735853279138822,0.5647504997943694,0.14905142683087844,0.44997741682921016,0.43382682948547246,0.8880608521057639,0.6397263855869613,0.5721674089643961,0.45579890113832794,0.7107232513921811,0.6359446697612613,0.5210947079641637,-0.36148513033896923,0.10907464088102103,-0.008969541860751377,0.7013775302754579,0.5064140615480757,0.7723889820525858,0.3690443207250439
0.11856921711410696,0.5653609378009107,0.23964054918428998,0.14382897007936177,0.1838704323563763,0.4531902983962814,0.5093387023405075,0.23842516544379397,0.13437606129682095,0.5432831462726462,1.0,0.5286117940501824,-0.10517110911068756,0.3072394709007962,-0.0283115699453291,0.4108735800334287,0.3091596392135537,-0.044007561126072396,0.0889306093068144,0.1929179271209794,0.4899510710692031,0.4384539602701702,0.11413848676717966,0.22011458412086268,-0.4829879697621808,0.28855280300269914,0.1816187819692651,0.47168694706672876,0.4666707375618906,0.5532398130892515,0.47772978510265757,-0.2161249061732137,0.3425586049229322,0.06642230568070977,0.259368060793047,0.19518673262045738,0.5461866689330914,0.536446004335741,0.23792287869472614,0.25894874775998855,0.39263841542161404,0.431652735527467,0.2974296533228211,-0.16562721821078455,0.18969752082831678,0.22578144262656857,0.420696590864468,0.39581231902666886,0.5461020273938202,0.33977532037629093
0.3134474046372973,0.8557266493653828,0.39003486117705405,0.44466405891720817,0.39187284746983336,0.594426747639085,0.8270174079665289,0.4442807375014248,0.3487248080424951,0.8246074021334691,0.5286117940501824,1.0,0.20475593839486644,0.6977049895781463,-0.16738923630703095,0.5599047079064703,0.613820012568849,0.1415234710940679,0.19758932422631087,0.4315262959104204,0.4386035203142316,0.4903671411762148,0.3201610103471689,0.3926852129479626,-0.6150777061706294,0.2583514064642234,0.5979025233533602,0.1643229901021455,0.24397649836834567,0.8350902707796674,0.5727263371864464,0.10603476154869879,0.5561855304584462,0.19253824805647735,0.42676586783133347,0.5072119572065931,0.8897500456841358,0.5970815952566993,0.6377852997481848,0.626749232776768,0.8284566621888734,0.6953663001565318,0.4645729087495509,-0.278673112355901,0.18182292925214183,0.03314189283396522,0.6856942723380333,0.5623223901859601,0.7606998841658543,0.48545107203195587
0.16107957861581923,0.15271896956549771,0.13724265644266498,0.24835936091498098,0.10634024022527634,-0.04244798717436818,0.09694583677378175,0.1671991849405549,0.12632298159734015,0.14299841252974058,-0.10517110911068756,0.20475593839486644,1.0,0.2693773888369235,-0.16588460570306882,0.04149443993038578,0.31344006195595203,0.13057385415999193,0.133351685370625,0.29749865620295385,-0.0559354577462298,-0.061313680540521914,0.2586424558063172,0.23231055341676754,-0.06353713310786435,0.07193414668528708,0.2682092965887058,-0.11907692557165198,-0.08302940750492836,0.10310163157118746,0.02356967469957945,0.36884165608301556,0.08570764030985079,0.063498938932735,0.05830684716933914,0.06958472744956985,0.1008248345224407,0.0005470536627364071,0.34981466637106856,0.19620259278635832,0.2683909050993731,0.20725378370104788,0.19570275612589613,-0.1826118856211236,-0.047258334888220434,0.015737950207198606,0.10599321822236993,0.05765156598571357,-0.014440707266101825,0.22725973626164725
0.18138973109435208,0.5522170627315744,0.271545506945577,0.5258752664829129,0.41004804010443174,0.38703677801171416,0.6347336609863945,0.5026553208044112,0.45082399354643915,0.5298705328913353,0.3072394709007962,0.6977049895781463,0.2693773888369235,1.0,0.033645563635747625,0.23898368289280433,0.5638620652796158,0.11243834402804838,0.34978148559721356,0.6260534709954547,0.23298129982880053,0.26981653743432416,0.25314945222565965,0.3684842984864107,-0.3470264467623567,0.18248991790240757,0.6377578317337796,-0.03988233095711986,0.052049845513524005,0.5701280194503928,0.34492698243741443,0.2855143390332574,0.6807738830606789,0.19616280309019393,0.3878672341641785,0.3819240581991322,0.632307513019403,0.4235704452885507,0.6389222149291197,0.6722260675920069,0.6850799359427384,0.5955816732043655,0.27290800108203256,-0.086319554862796,0.1586777077059124,0.04138225105674154,0.4440497982032205,0.5242848789068624,0.4995498519240492,0.4196023718708497
0.05933985348868286,-0.31131256155939224,-0.14426818540697062,0.08318605153524214,0.07357882701548284,-0.2037986179416143,-0.18819208943038992,0.04038748747859794,0.07953079430777843,-0.25929095330718605,-0.0283115699453291,-0.16738923630703095,-0.16588460570306882,0.033645563635747625,1.0,-0.0783392842298081,-0.18488630159861436,0.09423241944957643,0.010557172883183833,0.04049251602300215,-0.04393833912522894,-0.04849568888778522,0.021717157063122064,-0.16075352251135822,0.23573490421638743,-0.21358286498789758,-0.020606732566769283,-0.002007546750887081,-0.007807896013557965,-0.28515356047812,-0.11559491280424936,-0.1194935959538454,-0.24686539144618272,0.0594080059687365,-0.10604961437940777,-0.054071449934331384,-0.2102533153149602,-0.05796492837978385,-0.1265526629695908,-0.010543249494528346,-0.182574185305589,-0.14800566747564353,-0.10208827741615703,0.320147609795179,0.311681837889133,0.20579692780392841,-0.19030879659724462,-0.06604673477649638,-0.2280186083603886,-0.06395445531427557
0.45427018455393564,0.5491291798132554,0.41670379318902306,0.23816067789442197,0.3196657996730831,0.4448908415526977,0.368015725549086,0.260424739827072,0.11683386121597757,0.55921864901105,0.4108735800334287,0.5599047079064703,0.04149443993038578,0.23898368289280433,-0.0783392842298081,1.0,0.3589587710553371,0.19270349134598033,0.0014987782412234979,0.08933735196135813,0.2676220069568466,0.5737377715683852,0.23767080647756675,0.1985428673884362,-0.3542615327289197,0.19843579104086698,0.23623921430876965,0.07531991714794578,0.17786423249798364,0.5414089237069869,0.4384915599515187,-0.1398385964892707,0.12861186864552984,0.13004559474651223,0.22804643495768004,0.3915335486252209,0.5604480605236196,0.3172483559864598,0.38627621529757195,0.3838964704391713,0.426420202911828,0.2449851882575898,0.4428176155679064,-0.24319820791140437,0.2569070565674931,-0.04112327196848018,0.5122501890230622,0.4239339122794354,0.500540107951068,0.2685518533296634
0.3026628907229699,0.6336136033394015,0.3852704587814536,0.3948618240560515,0.2758729352666353,0.45297291749372426,0.505847937715466,0.3874956496432504,0.36213094837013,0.5470524896903591,0.3091596392135537,0.613820012568849,0.31344006195595203,0.5638620652796158,-0.18488630159861436,0.3589587710553371,1.0,0.18099592445827126,0.27689790434279876,0.4293350738067972,0.1465568917870204,0.45019092348479695,0.2584224384904112,0.3823742747329325,-0.472340780221398,0.2938236634130296,0.5741525637196601,-0.05853601397841132,0.08675002420634965,0.6227269970303793,0.45547172285610177,0.12618826400136754,0.5138737777743244,0.23661030047790213,0.3265222455462489,0.3340323740541315,0.6119812313640585,0.43702837852176296,0.595799118001532,0.5219034900423317,0.506208786220138,0.4074336844593852,0.32616505848979555,-0.2811793342007192,0.23528307924007982,0.050777075033181435,0.5156654954406054,0.4849448127158474,0.561433920931308,0.37999196744759683
0.392891444209013,0.06866334644328483,0.1370932249649538,0.25037149291270394,0.15832279181088132,-0.038634356329852446,-0.045992512596475355,0.21842519317743586,0.14218929481826525,0.10142186009379206,-0.044007561126072396,0.1415234710940679,0.13057385415999193,0.11243834402804838,0.09423241944957643,0.19270349134598033,0.18099592445827126,1.0,-0.05257957788500634,0.14063383682766303,0.13229949180778783,0.1080624789949693,0.32383743420446964,0.24076391386580698,0.04059353054213639,0.0009511078578444184,0.07534627222165742,-0.07548667145093985,0.06231371326547748,-0.02384707244614362,0.06294964637316278,0.19547714677867561,-0.11146569465972483,0.2780375703542586,0.04539180012611312,0.02704064638285084,0.07210047038262801,-0.08335787270741794,0.07014645369515628,0.1877181745311644,0.07409716934473444,0.0002887454091427876,0.041614482951424815,0.11643438036312062,0.2252698884826593,-0.005313896301464036,0.04033580175584359,0.2359091397532674,0.05509519910754333,0.15191810941682468
-0.05266327895805849,0.1546771172301599,0.21661319450469946,0.08790780769403346,0.33445989916682983,0.0802887724563814,0.2810927730426327,0.23444704022728088,0.6087302790060745,0.17310706368733922,0.0889306093068144,0.19758932422631087,0.133351685370625,0.34978148559721356,0.010557172883183833,0.0014987782412234979,0.27689790434279876,-0.05257957788500634,1.0,0.18470412898422733,-0.0019755219688966015,-0.14107320926494626,0.019292545167640198,0.22098905366652888,-0.14172061116852244,0.1788854917870829,0.4021778299305949,0.05081793474398164,0.1158132516208821,0.2297612704216856,-0.00030931017572616943,0.08767969697234715,0.18436519473339413,-0.015238424624332702,0.19740753106714876,0.060164214112509544,0.1992721030605926,0.33315998056625934,0.2767603038915224,0.14692760773925742,0.3211816820522176,0.31224421432248306,0.29936461608469883,-0.05980697900213075,-0.011583062918382675,0.09964868116141054,0.14325820259210256,0.03928775199232318,0.12649594163986544,0.24977977744594038
0.1985922656978515,0.32221851191190226,0.24935389082617337,0.4285715175593466,0.4464294941049846,0.22314415560621279,0.37107604983912984,0.5183256522189316,0.43495965604572645,0.31554353030774956,0.1929179271209794,0.4315262959104204,0.29749865620295385,0.6260534709954547,0.04049251602300215,0.08933735196135813,0.4293350738067972,0.14063383682766303,0.18470412898422733,1.0,0.2715719733175824,0.2043075480459688,0.11693973668856043,0.45582258789434515,-0.13486289282743436,0.17993305201365975,0.5303467509057866,0.18448665397167205,0.20631712429085314,0.31338921337917297,0.24832470385625327,0.2816036894842433,0.39423712419252727,0.15516650844902172,0.3272120842940611,0.22900146415641517,0.38093204578333817,0.24065469812441964,0.34843023080861757,0.5312986230516203,0.416282065992145,0.22842117867012646,0.19870824784909705,0.055625528011456815,0.2095504306030609,0.29836304892722776,0.2940854010108346,0.4417971375532207,0.2639236428748175,0.4524841917342361
0.10145618732581214,0.41561943551673536,0.09052138903935758,0.17565215861063505,0.1320084408889779,0.24595605388958372,0.35772587122985977,0.3319273248215944,0.128497694969906,0.34723306011959104,0.4899510710692031,0.4386035203142316,-0.0559354577462298,0.23298129982880053,-0.04393833912522894,0.2676220069568466,0.1465568917870204,0.13229949180778783,-0.0019755219688966015,0.2715719733175824,1.0,0.22881042581787817,0.12367898705404944,0.2628096606620928,-0.30905741341036724,0.14931895595565883,0.15560795026527888,0.7306871690656039,0.6538100043946581,0.33895219212457706,0.4067248893776173,-0.03415169648056229,0.2147533508677447,0.2195850011249388,0.1658614201102841,0.12752192623595857,0.38329548623975296,0.2570010820848968,0.10540902129373951,0.22285699796724062,0.408405353272537,0.32869307450738133,0.08085057435513161,0.0013507574770824354,0.008600200223423168,0.35619120919333164,0.23264558339262228,0.383066212493672,0.27442526332719847,0.3039889382083458
0.3137625460224254,0.6079088089496064,0.49772967313484556,0.28141108370096146,0.23995386441959093,0.5952374569886482,0.4132819808237259,0.18413971800861145,-0.025866545437001127,0.5250217490376773,0.4384539602701702,0.4903671411762148,-0.061313680540521914,0.26981653743432416,-0.04849568888778522,0.5737377715683852,0.45019092348479695,0.1080624789949693,-0.14107320926494626,0.2043075480459688,0.22881042581787817,1.0,0.10803707372711725,0.13616841814212358,-0.4344549458967496,0.2351452866714764,0.19778059984613441,-0.008401210989003812,0.049929012821095076,0.6031388080608083,0.5344031949012656,-0.25069089446082105,0.26320469123647827,0.1670742908216275,0.38107789674638104,0.4366935343743713,0.544850212614777,0.36052873373484245,0.415714137434693,0.4713132626619733,0.3050804061104258,0.140474491830337,0.17014891286504033,-0.2813932288735179,0.32527299899279494,-0.033865172198480224,0.5786286339653004,0.5032373567583762,0.6117226904576253,0.25490385135118027
0.30210610108005254,0.07753791923709581,0.21050373648744347,0.2347784106104823,-0.031719316920233075,-0.13778697803226708,0.00299105378063789,0.2134437902691159,0.11386777194857255,0.1480435147077253,0.11413848676717966,0.3201610103471689,0.2586424558063172,0.25314945222565965,0.021717157063122064,0.23767080647756675,0.2584224384904112,0.32383743420446964,0.019292545167640198,0.11693973668856043,0.12367898705404944,0.10803707372711725,1.0,0.13079237997197904,-0.14683971790480466,0.05200257217690008,0.24502753809026645,-0.11342360607549176,-0.02146167190889098,0.05254892802522812,0.1458592115823132,0.2847325860583535,0.13840551700491216,0.30941142571336233,-0.04882253709995652,-0.006761357325850644,0.15829315954653736,0.10368746054894859,0.3897938916543486,0.21359834297943608,0.1742841478442171,0.17155558825695158,0.10405961422312922,-0.10135791033370296,0.21746852168363665,-0.07359660366589511,-0.028036629417144486,0.23443544728178042,0.06638740402520536,0.17132247100706358
0.22747720476021246,0.38700874169340943,0.13618656685840677,0.2704957158593842,0.2688034793450166,0.2384874804456728,0.30934669543282134,0.380697557789102,0.35794120726695855,0.41856143304669535,0.22011458412086268,0.3926852129479626,0.23231055341676754,0.3684842984864107,-0.16075352251135822,0.1985428673884362,0.3823742747329325,0.24076391386580698,0.22098905366652888,0.45582258789434515,0.2628096606620928,0.13616841814212358,0.13079237997197904,1.0,-0.33031003715958457,0.12036022266644862,0.3662740002325535,0.1613688153141289,0.16408772143019204,0.32569838844511084,0.3424088575055032,0.08209168223098029,0.2474899460055653,0.1778323193605684,0.1590888623639394,0.23801542795052638,0.3591170514200567,0.17692243081572884,0.1825115049562556,0.29549814683937614,0.33577004341328864,0.17966988989082194,0.25586265065886976,0.06419487603207084,0.1057823494158969,0.061402800482015116,0.2422889252188119,0.3814748069773096,0.3115949824623937,0.2521450148663793
-0.12824667716816315,-0.7124650459093008,-0.3127027873176643,-0.25359317733668074,-0.15719663072473397,-0.5744513987021245,-0.5828061337956908,-0.20586891884818267,-0.11576268232132975,-0.6332547282700639,-0.4829879697621808,-0.6150777061706294,-0.06353713310786435,-0.3470264467623567,0.23573490421638743,-0.3542615327289197,-0.472340780221398,0.04059353054213639,-0.14172061116852244,-0.13486289282743436,-0.30905741341036724,-0.4344549458967496,-0.14683971790480466,-0.33031003715958457,1.0,-0.26733740117939886,-0.35787424710890897,-0.14586101652264397,-0.18920407696641028,-0.7024468599269433,-0.5427018083063186,0.19833490271945722,-0.4527890389866572,-0.05395491532745833,-0.32495531017028506,-0.292325299334423,-0.6934649577470534,-0.5260971068390989,-0.4105675468905316,-0.28604258635276814,-0.5160158247516127,-0.4082547049240672,-0.24275380575723107,0.31019922063340455,-0.13278654941350654,0.03894889284511103,-0.5658912386384402,-0.4353378495090533,-0.7197830739430796,-0.2709798558702079
0.10163481736557267,0.32177811707506143,0.28054463240940386,0.04088652473735131,0.10374418147375679,0.28404888315687354,0.24401938538793705,0.08006430257318427,0.08662357602119813,0.24745699502852497,0.28855280300269914,0.2583514064642234,0.07193414668528708,0.18248991790240757,-0.21358286498789758,0.19843579104086698,0.2938236634130296,0.0009511078578444184,0.1788854917870829,0.17993305201365975,0.14931895595565883,0.2351452866714764,0.05200257217690008,0.12036022266644862,-0.26733740117939886,1.0,0.18670300528100392,0.14021439931729482,0.17590747971853019,0.3549669881261296,0.3426877008190214,0.02782183022766328,0.19547330028525287,-0.11211829095501862,0.2800931548907201,-0.001130535346312629,0.3225589099318756,0.3159869237520976,0.18485294594106058,0.19672118709457284,0.26571636257252623,0.20397937683969428,0.2054159225474216,-0.1099239859348191,0.0526704016367848,-0.020163076228898402,0.36959386031821895,0.13980058147370822,0.31383045920741376,0.22669399445865285
0.3021567913257043,0.4804248141170908,0.3373577122376425,0.5150168006933895,0.495539704088629,0.35031298488300827,0.51383429449627,0.5121098390627454,0.5077235145033965,0.44970379934563937,0.1816187819692651,0.5979025233533602,0.2682092965887058,0.6377578317337796,-0.020606732566769283,0.23623921430876965,0.5741525637196601,0.07534627222165742,0.4021778299305949,0.5303467509057866,0.15560795026527888,0.19778059984613441,0.24502753809026645,0.3662740002325535,-0.35787424710890897,0.18670300528100392,1.0,-0.053801771527636946,0.03849581054067395,0.4592160338292455,0.28668339731252845,0.3117015552778825,0.41882731869636414,0.11164878450188462,0.3667806474158641,0.4106088543950827,0.5349798378038353,0.3640557632009981,0.5614516749102957,0.6074476276517374,0.5836144653181379,0.40633367402049847,0.28471512692944917,0.04150645590219751,0.2673012958736421,0.12022444730779924,0.4079681620412391,0.4029108492960637,0.4255186298190729,0.4697665081150917
-0.05977533633023825,0.19104285845557356,-0.010024272304759614,-0.04473849118543453,0.08979425229800614,0.06401965127626509,0.21882304859272192,0.12300775100607071,0.08173274046345326,0.147298891494092,0.47168694706672876,0.1643229901021455,-0.11907692557165198,-0.03988233095711986,-0.002007546750887081,0.07531991714794578,-0.05853601397841132,-0.07548667145093985,0.05081793474398164,0.18448665397167205,0.7306871690656039,-0.008401210989003812,-0.11342360607549176,0.1613688153141289,-0.14586101652264397,0.14021439931729482,-0.053801771527636946,1.0,0.8337722749284907,0.12992785117589933,0.32066908284375256,-0.12120668384015464,0.01650467707104147,-5.600304141809077e-05,0.021405843129620995,-0.05906831163325422,0.15758971498783905,0.21648574113560276,-0.17862455046935993,-0.008122352004412694,0.22953161228352828,0.22009524343914041,0.06021191681119876,0.0892640988141909,-0.11709236902394068,0.5361650537990533,0.05967232394333563,0.11643783898043018,0.07730958685236385,0.21321425434377161
-0.016874538266736034,0.2683215654216225,0.12029244519418004,-0.07485107275018747,0.031723815171731826,0.09095940520216388,0.2837256548430756,0.1437285409837315,0.11460408060312603,0.2558787815075186,0.4666707375618906,0.24397649836834567,-0.08302940750492836,0.052049845513524005,-0.007807896013557965,0.17786423249798364,0.08675002420634965,0.06231371326547748,0.1158132516208821,0.20631712429085314,0.6538100043946581,0.049929012821095076,-0.02146167190889098,0.16408772143019204,-0.18920407696641028,0.17590747971853019,0.03849581054067395,0.8337722749284907,1.0,0.23675199736003444,0.26097500918669725,-0.026031618903993803,0.08511483948734327,0.0529069110041453,0.026938892569540768,-0.11756523991987079,0.2409617830246374,0.28142882108091055,-0.06061595426522209,0.03674093452101065,0.2823045593762633,0.26997379540591543,0.07755570192978144,0.02898411558308728,-0.08769287541742939,0.4427338818103893,0.15070146816964788,0.21754132311587718,0.09883784933054628,0.3054507381787622
0.24206794457189185,0.9401212747115644,0.45854239988780837,0.26318892228840146,0.28307957930821925,0.8117016703170038,0.8633020356024479,0.3267335338315671,0.23192990759504933,0.8767775583115766,0.5532398130892515,0.8350902707796674,0.10310163157118746,0.5701280194503928,-0.28515356047812,0.5414089237069869,0.6227269970303793,-0.02384707244614362,0.2297612704216856,0.31338921337917297,0.33895219212457706,0.6031388080608083,0.05254892802522812,0.32569838844511084,-0.7024468599269433,0.3549669881261296,0.4592160338292455,0.12992785117589933,0.23675199736003444,1.0,0.5939791038394443,-0.07727657497792818,0.618919250407153,0.09117681976277218,0.4790886709725231,0.5230117691134172,0.9154583859792603,0.6841179237104786,0.6048688089529506,0.5178765052592597,0.7559391568406413,0.642605241213494,0.5240166144435826,-0.4444073078363195,0.13649837797889602,-0.05642057942727313,0.8297955955159375,0.5197716373302779,0.8825022735411345,0.36946753010425876
0.2439483060859293,0.6582566475684893,0.17250936224841018,0.31543327047219993,0.3188610587244478,0.5154950116836304,0.4497217462667926,0.19994349353791785,0.143958000959587,0.5394969052027366,0.47772978510265757,0.5727263371864464,0.02356967469957945,0.34492698243741443,-0.11559491280424936,0.4384915599515187,0.45547172285610177,0.06294964637316278,-0.00030931017572616943,0.24832470385625327,0.4067248893776173,0.5344031949012656,0.1458592115823132,0.3424088575055032,-0.5427018083063186,0.3426877008190214,0.28668339731252845,0.32066908284375256,0.26097500918669725,0.5939791038394443,1.0,-0.2145065368467945,0.22676248974904675,0.12512667057904692,0.1923737987055477,0.3097749877606003,0.5727466175141225,0.5243839032865905,0.3176911675207108,0.3448005949593295,0.46464253728064936,0.31671140439952483,0.29558725299629646,-0.07795569664831772,0.2422781457767005,0.21194788291785022,0.4987838336563659,0.35595910121748603,0.5964815618515887,0.24120814428275594
0.1449738763297225,-0.09840955183645532,0.11533180697626229,0.08889756259480375,0.03006325860013281,-0.22096243120596837,0.01777008989437859,0.29364515905864486,0.199135751626779,-0.005735853279138822,-0.2161249061732137,0.10603476154869879,0.36884165608301556,0.2855143390332574,-0.1194935959538454,-0.1398385964892707,0.12618826400136754,0.19547714677867561,0.08767969697234715,0.2816036894842433,-0.03415169648056229,-0.25069089446082105,0.2847325860583535,0.08209168223098029,0.19833490271945722,0.02782183022766328,0.3117015552778825,-0.12120668384015464,-0.026031618903993803,-0.07727657497792818,-0.2145065368467945,1.0,0.21701506170332757,0.1051352669053166,-0.10393250963270469,0.006463773861121235,-0.009398364454688366,-0.2531138998927471,0.27185574701178733,0.336506657785912,0.18857557938652766,0.1552109016705012,0.007410956084962066,-0.0870401059444161,-0.09775008460381895,0.003398432589182958,-0.08678075304848228,0.21329225557651024,-0.12871385157688525,0.21969217909589894
-0.005894482722576741,0.5571882308422273,0.26554965597134195,0.22053330515102063,0.049201148952157985,0.46219628059723694,0.6212685798709171,0.3073721458798936,0.15790125730240415,0.5647504997943694,0.3425586049229322,0.5561855304584462,0.08570764030985079,0.6807738830606789,-0.24686539144618272,0.12861186864552984,0.5138737777743244,-0.11146569465972483,0.18436519473339413,0.39423712419252727,0.2147533508677447,0.26320469123647827,0.13840551700491216,0.2474899460055653,-0.4527890389866572,0.19547330028525287,0.41882731869636414,0.01650467707104147,0.08511483948734327,0.618919250407153,0.22676248974904675,0.21701506170332757,1.0,0.05993285235358006,0.36729159135871403,0.3059446947262688,0.6217819670635388,0.4259560671888469,0.47604610426636823,0.42032081207609134,0.5021112161376983,0.5222211405896965,0.24187215173288193,-0.37122030207337114,-0.003915117668471738,-0.16077308683336228,0.4758962607621179,0.47008935599076135,0.535908596500101,0.23669792186581837
0.27700710178847177,0.12930150397534884,0.07270053371703893,0.25702465212257486,0.17016568222340278,0.05386843050544424,0.043793448811639185,0.21945314955862424,0.18900093410506114,0.14905142683087844,0.06642230568070977,0.19253824805647735,0.063498938932735,0.19616280309019393,0.0594080059687365,0.13004559474651223,0.23661030047790213,0.2780375703542586,-0.015238424624332702,0.15516650844902172,0.2195850011249388,0.1670742908216275,0.30941142571336233,0.1778323193605684,-0.05395491532745833,-0.11211829095501862,0.11164878450188462,-5.600304141809077e-05,0.0529069110041453,0.09117681976277218,0.12512667057904692,0.1051352669053166,0.05993285235358006,1.0,-0.07122685855627568,0.09473193569828448,0.1120921309129623,0.0790086247228041,0.2587355045294826,0.15721026283553383,0.15072180743256605,0.03585472515477139,-0.0369487788936556,0.011282242554689171,0.20887395531475952,0.11587926549488585,0.0044432101286396575,0.24935455231610645,0.12299301835588317,0.12608432804968026
0.03322570330551421,0.43486209979707136,0.5390004644324836,0.24048598620525793,0.27332431185817846,0.4811832004328013,0.49734051129495865,0.2695848120265386,0.21622932349926005,0.44997741682921016,0.259368060793047,0.42676586783133347,0.05830684716933914,0.3878672341641785,-0.10604961437940777,0.22804643495768004,0.3265222455462489,0.04539180012611312,0.19740753106714876,0.3272120842940611,0.1658614201102841,0.38107789674638104,-0.04882253709995652,0.1590888623639394,-0.32495531017028506,0.2800931548907201,0.3667806474158641,0.021405843129620995,0.026938892569540768,0.4790886709725231,0.1923737987055477,-0.10393250963270469,0.36729159135871403,-0.07122685855627568,1.0,0.24572520903274844,0.4869328899411419,0.44406044902897684,0.36267010327156907,0.4317463791199081,0.3788391933541754,0.34404965260514275,0.17467459845073055,-0.17321298650980646,0.15581921866440435,0.03693598310751776,0.46511550330647605,0.410090161860164,0.48586261773389744,0.39271517038730513
0.3837947375857076,0.5251091864637208,0.17157795163689007,0.33883404223947183,0.3510079045308743,0.5524031945525917,0.5004020551411161,0.3858737052777352,0.11492057233272547,0.43382682948547246,0.19518673262045738,0.5072119572065931,0.06958472744956985,0.3819240581991322,-0.054071449934331384,0.3915335486252209,0.3340323740541315,0.02704064638285084,0.060164214112509544,0.22900146415641517,0.12752192623595857,0.4366935343743713,-0.006761357325850644,0.23801542795052638,-0.292325299334423,-0.001130535346312629,0.4106088543950827,-0.05906831163325422,-0.11756523991987079,0.5230117691134172,0.3097749877606003,0.006463773861121235,0.3059446947262688,0.09473193569828448,0.24572520903274844,1.0,0.5097838284934314,0.16603480865644693,0.3526257337030008,0.5042371276154298,0.4618519610314327,0.24436387796000325,0.3406598165625134,-0.17759874846093607,0.24172668784249438,-0.08810162911090208,0.5688354658672032,0.454232283841631,0.5649259624347664,0.21664423762756674
0.32515191865844895,0.9049536916573637,0.46443219333665303,0.3776962988199417,0.3786589261705826,0.7287245928532181,0.8638464395079237,0.4085907608765063,0.30373155420079895,0.8880608521057639,0.5461866689330914,0.8897500456841358,0.1008248345224407,0.632307513019403,-0.2102533153149602,0.5604480605236196,0.6119812313640585,0.07210047038262801,0.1992721030605926,0.38093204578333817,0.38329548623975296,0.544850212614777,0.15829315954653736,0.3591170514200567,-0.6934649577470534,0.3225589099318756,0.5349798378038353,0.15758971498783905,0.2409617830246374,0.9154583859792603,0.5727466175141225,-0.009398364454688366,0.6217819670635388,0.1120921309129623,0.4869328899411419,0.5097838284934314,1.0,0.6264882329911667,0.607859703674685,0.5865215558407395,0.7920857237716598,0.6584645881893136,0.5247087700766769,-0.3069527658195317,0.1586433848611902,-0.011291344218583764,0.7943133964508702,0.5947580440489839,0.8512663557862941,0.419058035585482
-0.02755631488803265,0.626709903738073,0.35652613981357795,0.23419440552493012,0.2143424368842715,0.5328693335910201,0.6130622096822644,0.24957917495033202,0.22984595513460915,0.6397263855869613,0.536446004335741,0.5970815952566993,0.0005470536627364071,0.4235704452885507,-0.05796492837978385,0.3172483559864598,0.43702837852176296,-0.08335787270741794,0.33315998056625934,0.24065469812441964,0.2570010820848968,0.36052873373484245,0.10368746054894859,0.17692243081572884,-0.5260971068390989,0.3159869237520976,0.3640557632009981,0.21648574113560276,0.28142882108091055,0.6841179237104786,0.5243839032865905,-0.2531138998927471,0.4259560671888469,0.0790086247228041,0.44406044902897684,0.16603480865644693,0.6264882329911667,1.0,0.39139911808494243,0.25966997009283116,0.48525506484369496,0.5155990092351503,0.42999527489794337,-0.22313318565296839,0.1424350418822047,0.17354521565482783,0.543029817841479,0.3013289398684432,0.6031508055657165,0.38761278821402423
0.2695481353525478,0.5715357505221068,0.4876953208462293,0.4879303777725943,0.3900579910856423,0.45345750233121096,0.5687386216249714,0.3710084602346891,0.3604914730039006,0.5721674089643961,0.23792287869472614,0.6377852997481848,0.34981466637106856,0.6389222149291197,-0.1265526629695908,0.38627621529757195,0.595799118001532,0.07014645369515628,0.2767603038915224,0.34843023080861757,0.10540902129373951,0.415714137434693,0.3897938916543486,0.1825115049562556,-0.4105675468905316,0.18485294594106058,0.5614516749102957,-0.17862455046935993,-0.06061595426522209,0.6048688089529506,0.3176911675207108,0.27185574701178733,0.47604610426636823,0.2587355045294826,0.36267010327156907,0.3526257337030008,0.607859703674685,0.39139911808494243,1.0,0.5729013591263665,0.6342373037436201,0.5224790234003257,0.3394574364267764,-0.33838246065979366,0.19238162746996088,-0.0406840418766701,0.5160786727425107,0.48640826172982243,0.5525677852731793,0.4173152548315755
0.37744987473516384,0.5296654652729853,0.4431802220362029,0.5468902882125058,0.486744982832194,0.4461173762476038,0.5681070519328368,0.6032380460497143,0.355269203058809,0.45579890113832794,0.25894874775998855,0.626749232776768,0.19620259278635832,0.6722260675920069,-0.010543249494528346,0.3838964704391713,0.5219034900423317,0.1877181745311644,0.14692760773925742,0.5312986230516203,0.22285699796724062,0.4713132626619733,0.21359834297943608,0.29549814683937614,-0.28604258635276814,0.19672118709457284,0.6074476276517374,-0.008122352004412694,0.03674093452101065,0.5178765052592597,0.3448005949593295,0.336506657785912,0.42032081207609134,0.15721026283553383,0.4317463791199081,0.5042371276154298,0.5865215558407395,0.25966997009283116,0.5729013591263665,1.0,0.5324981453587336,0.34972938900330136,0.3070840066075377,-0.009830591400140807,0.2663110040416857,0.07229715492857801,0.5385103262399761,0.5944920115581878,0.5036959719508064,0.5675900132940562
0.2938224658240769,0.7637405007529493,0.3354290297401363,0.42204730234175797,0.4414009267850188,0.5188442486323563,0.7884645571896639,0.42836811443315875,0.3756952469063209,0.7107232513921811,0.39263841542161404,0.8284566621888734,0.2683909050993731,0.6850799359427384,-0.182574185305589,0.426420202911828,0.506208786220138,0.07409716934473444,0.3211816820522176,0.416282065992145,0.408405353272537,0.3050804061104258,0.1742841478442171,0.33577004341328864,-0.5160158247516127,0.26571636257252623,0.5836144653181379,0.22953161228352828,0.2823045593762633,0.7559391568406413,0.46464253728064936,0.18857557938652766,0.5021112161376983,0.15072180743256605,0.3788391933541754,0.4618519610314327,0.7920857237716598,0.48525506484369496,0.6342373037436201,0.5324981453587336,1.0,0.7797175962749978,0.4667745387804793,-0.307456843945737,0.07786012573040835,0.01932475194949834,0.6284397373280621,0.44113385140183153,0.6772302478357575,0.4156788924149982
